
	dat input file for DRAGON5
------------------------------------------------------------


* typge, nbfo, node, elem, macr, nreg,    z, mac2
      0,    0,   710,   870,   100,  710,     0,     1
* index  kindex
      0       0  1
*     eps    eps0
  1.000000E-05   1.000000E-05
*   flux region number per geometry region (mesh)
   1,   2,   3,   4,   5,   6,   7,   8,   9,  10,  11,  12,
  13,  14,  15,  16,  17,  18,  19,  20,  21,  22,  23,  24,
  25,  26,  27,  28,  29,  30,  31,  32,  33,  34,  35,  36,
  37,  38,  39,  40,  41,  42,  43,  44,  45,  46,  47,  48,
  49,  50,  51,  52,  53,  54,  55,  56,  57,  58,  59,  60,
  61,  62,  63,  64,  65,  66,  67,  68,  69,  70,  71,  72,
  73,  74,  75,  76,  77,  78,  79,  80,  81,  82,  83,  84,
  85,  86,  87,  88,  89,  90,  91,  92,  93,  94,  95,  96,
  97,  98,  99, 100, 101, 102, 103, 104, 105, 106, 107, 108,
 109, 110, 111, 112, 113, 114, 115, 116, 117, 118, 119, 120,
 121, 122, 123, 124, 125, 126, 127, 128, 129, 130, 131, 132,
 133, 134, 135, 136, 137, 138, 139, 140, 141, 142, 143, 144,
 145, 146, 147, 148, 149, 150, 151, 152, 153, 154, 155, 156,
 157, 158, 159, 160, 161, 162, 163, 164, 165, 166, 167, 168,
 169, 170, 171, 172, 173, 174, 175, 176, 177, 178, 179, 180,
 181, 182, 183, 184, 185, 186, 187, 188, 189, 190, 191, 192,
 193, 194, 195, 196, 197, 198, 199, 200, 201, 202, 203, 204,
 205, 206, 207, 208, 209, 210, 211, 212, 213, 214, 215, 216,
 217, 218, 219, 220, 221, 222, 223, 224, 225, 226, 227, 228,
 229, 230, 231, 232, 233, 234, 235, 236, 237, 238, 239, 240,
 241, 242, 243, 244, 245, 246, 247, 248, 249, 250, 251, 252,
 253, 254, 255, 256, 257, 258, 259, 260, 261, 262, 263, 264,
 265, 266, 267, 268, 269, 270, 271, 272, 273, 274, 275, 276,
 277, 278, 279, 280, 281, 282, 283, 284, 285, 286, 287, 288,
 289, 290, 291, 292, 293, 294, 295, 296, 297, 298, 299, 300,
 301, 302, 303, 304, 305, 306, 307, 308, 309, 310, 311, 312,
 313, 314, 315, 316, 317, 318, 319, 320, 321, 322, 323, 324,
 325, 326, 327, 328, 329, 330, 331, 332, 333, 334, 335, 336,
 337, 338, 339, 340, 341, 342, 343, 344, 345, 346, 347, 348,
 349, 350, 351, 352, 353, 354, 355, 356, 357, 358, 359, 360,
 361, 362, 363, 364, 365, 366, 367, 368, 369, 370, 371, 372,
 373, 374, 375, 376, 377, 378, 379, 380, 381, 382, 383, 384,
 385, 386, 387, 388, 389, 390, 391, 392, 393, 394, 395, 396,
 397, 398, 399, 400, 401, 402, 403, 404, 405, 406, 407, 408,
 409, 410, 411, 412, 413, 414, 415, 416, 417, 418, 419, 420,
 421, 422, 423, 424, 425, 426, 427, 428, 429, 430, 431, 432,
 433, 434, 435, 436, 437, 438, 439, 440, 441, 442, 443, 444,
 445, 446, 447, 448, 449, 450, 451, 452, 453, 454, 455, 456,
 457, 458, 459, 460, 461, 462, 463, 464, 465, 466, 467, 468,
 469, 470, 471, 472, 473, 474, 475, 476, 477, 478, 479, 480,
 481, 482, 483, 484, 485, 486, 487, 488, 489, 490, 491, 492,
 493, 494, 495, 496, 497, 498, 499, 500, 501, 502, 503, 504,
 505, 506, 507, 508, 509, 510, 511, 512, 513, 514, 515, 516,
 517, 518, 519, 520, 521, 522, 523, 524, 525, 526, 527, 528,
 529, 530, 531, 532, 533, 534, 535, 536, 537, 538, 539, 540,
 541, 542, 543, 544, 545, 546, 547, 548, 549, 550, 551, 552,
 553, 554, 555, 556, 557, 558, 559, 560, 561, 562, 563, 564,
 565, 566, 567, 568, 569, 570, 571, 572, 573, 574, 575, 576,
 577, 578, 579, 580, 581, 582, 583, 584, 585, 586, 587, 588,
 589, 590, 591, 592, 593, 594, 595, 596, 597, 598, 599, 600,
 601, 602, 603, 604, 605, 606, 607, 608, 609, 610, 611, 612,
 613, 614, 615, 616, 617, 618, 619, 620, 621, 622, 623, 624,
 625, 626, 627, 628, 629, 630, 631, 632, 633, 634, 635, 636,
 637, 638, 639, 640, 641, 642, 643, 644, 645, 646, 647, 648,
 649, 650, 651, 652, 653, 654, 655, 656, 657, 658, 659, 660,
 661, 662, 663, 664, 665, 666, 667, 668, 669, 670, 671, 672,
 673, 674, 675, 676, 677, 678, 679, 680, 681, 682, 683, 684,
 685, 686, 687, 688, 689, 690, 691, 692, 693, 694, 695, 696,
 697, 698, 699, 700, 701, 702, 703, 704, 705, 706, 707, 708,
 709, 710
*   names of macros
 MACROW9 MACROW7 MACROW3 MACROW1
 MACROW6 MACROW4 MACROW2 MACROW8
 MACROW5 MACRO99 MACRO98 MACRO97
 MACRO96 MACRO95 MACRO94 MACRO93
 MACRO92 MACRO91 MACRO90 MACRO89
 MACRO88 MACRO87 MACRO86 MACRO85
 MACRO84 MACRO83 MACRO82 MACRO81
 MACRO80 MACRO79 MACRO78 MACRO77
 MACRO76 MACRO75 MACRO74 MACRO73
 MACRO72 MACRO71 MACRO70 MACRO69
 MACRO68 MACRO67 MACRO63 MACRO62
 MACRO61 MACRO60 MACRO59 MACRO58
 MACRO57 MACRO53 MACRO52 MACRO51
 MACRO50 MACRO49 MACRO48 MACRO47
 MACRO43 MACRO42 MACRO41 MACRO40
 MACRO39 MACRO38 MACRO37 MACRO36
 MACRO35 MACRO34 MACRO33 MACRO32
 MACRO31 MACRO30 MACRO29 MACRO28
 MACRO27 MACRO26 MACRO25 MACRO24
 MACRO23 MACRO22 MACRO21 MACRO20
 MACRO19 MACRO18 MACRO17 MACRO16
 MACRO15 MACRO14 MACRO13 MACRO12
 MACRO11 MACRO10 MACRO09 MACRO08
 MACRO07 MACRO06 MACRO05 MACRO04
 MACRO03 MACRO02 MACRO01 MACRO00
*   macro order number per flux region
  1,  2,  3,  4,  1,  2,  3,  4,  5,  6,  7,  8,
  3,  4,  1,  2,  5,  6,  8,  7,  1,  1,  1,  2,
  2,  2,  3,  3,  3,  4,  4,  4,  5,  6,  8,  1,
  7,  2,  3,  4,  9, 10, 10, 10, 10, 10, 10, 10,
 11, 11, 11, 11, 11, 11, 11, 12, 12, 12, 12, 12,
 12, 12, 13, 13, 13, 13, 13, 13, 13, 14, 14, 14,
 14, 14, 14, 14, 15, 15, 15, 15, 15, 15, 15, 16,
 16, 16, 16, 16, 16, 16, 17, 17, 17, 17, 17, 17,
 17, 18, 18, 18, 18, 18, 18, 18, 19, 19, 19, 19,
 19, 19, 19, 20, 20, 20, 20, 20, 20, 20, 21, 21,
 21, 21, 21, 21, 21, 22, 22, 22, 22, 22, 22, 22,
 22, 22, 23, 23, 23, 23, 23, 23, 23, 24, 24, 24,
 24, 24, 24, 24, 24, 24, 25, 25, 25, 25, 25, 25,
 25, 26, 26, 26, 26, 26, 26, 26, 27, 27, 27, 27,
 27, 27, 27, 27, 27, 28, 28, 28, 28, 28, 28, 28,
 29, 29, 29, 29, 29, 29, 29, 30, 30, 30, 30, 30,
 30, 30, 31, 31, 31, 31, 31, 31, 31, 31, 31, 32,
 32, 32, 32, 32, 32, 32, 33, 33, 33, 33, 33, 33,
 33, 34, 34, 34, 34, 34, 34, 34, 35, 35, 35, 35,
 35, 35, 35, 36, 36, 36, 36, 36, 36, 36, 37, 37,
 37, 37, 37, 37, 37, 38, 38, 38, 38, 38, 38, 38,
 38, 38, 39, 39, 39, 39, 39, 39, 39, 40, 40, 40,
 40, 40, 40, 40, 41, 41, 41, 41, 41, 41, 41, 42,
 42, 42, 42, 42, 42, 42, 43, 43, 43, 43, 43, 43,
 43, 43, 43, 44, 44, 44, 44, 44, 44, 44, 45, 45,
 45, 45, 45, 45, 45, 46, 46, 46, 46, 46, 46, 46,
 47, 47, 47, 47, 47, 47, 47, 48, 48, 48, 48, 48,
 48, 48, 48, 48, 49, 49, 49, 49, 49, 49, 49, 50,
 50, 50, 50, 50, 50, 50, 51, 51, 51, 51, 51, 51,
 51, 51, 51, 52, 52, 52, 52, 52, 52, 52, 53, 53,
 53, 53, 53, 53, 53, 54, 54, 54, 54, 54, 54, 54,
 55, 55, 55, 55, 55, 55, 55, 56, 56, 56, 56, 56,
 56, 56, 57, 57, 57, 57, 57, 57, 57, 58, 58, 58,
 58, 58, 58, 58, 59, 59, 59, 59, 59, 59, 59, 59,
 59, 60, 60, 60, 60, 60, 60, 60, 61, 61, 61, 61,
 61, 61, 61, 62, 62, 62, 62, 62, 62, 62, 63, 63,
 63, 63, 63, 63, 63, 64, 64, 64, 64, 64, 64, 64,
 64, 64, 65, 65, 65, 65, 65, 65, 65, 66, 66, 66,
 66, 66, 66, 66, 67, 67, 67, 67, 67, 67, 67, 68,
 68, 68, 68, 68, 68, 68, 69, 69, 69, 69, 69, 69,
 69, 70, 70, 70, 70, 70, 70, 70, 71, 71, 71, 71,
 71, 71, 71, 72, 72, 72, 72, 72, 72, 72, 72, 72,
 73, 73, 73, 73, 73, 73, 73, 74, 74, 74, 74, 74,
 74, 74, 75, 75, 75, 75, 75, 75, 75, 75, 75, 76,
 76, 76, 76, 76, 76, 76, 77, 77, 77, 77, 77, 77,
 77, 78, 78, 78, 78, 78, 78, 78, 79, 79, 79, 79,
 79, 79, 79, 79, 79, 80, 80, 80, 80, 80, 80, 80,
 81, 81, 81, 81, 81, 81, 81, 82, 82, 82, 82, 82,
 82, 82, 83, 83, 83, 83, 83, 83, 83, 83, 83, 84,
 84, 84, 84, 84, 84, 84, 85, 85, 85, 85, 85, 85,
 85, 86, 86, 86, 86, 86, 86, 86, 86, 86, 87, 87,
 87, 87, 87, 87, 87, 88, 88, 88, 88, 88, 88, 88,
 88, 88, 89, 89, 89, 89, 89, 89, 89, 90, 90, 90,
 90, 90, 90, 90, 91, 91, 91, 91, 91, 91, 91, 92,
 92, 92, 92, 92, 92, 92, 93, 93, 93, 93, 93, 93,
 93, 94, 94, 94, 94, 94, 94, 94, 95, 95, 95, 95,
 95, 95, 95, 96, 96, 96, 96, 96, 96, 96, 97, 97,
 97, 97, 97, 97, 97, 98, 98, 98, 98, 98, 98, 98,
 99, 99, 99, 99, 99, 99, 99, 100, 100, 100, 100, 100,
 100, 100
   elements
* ELEM  1  line segment
 1, 9, 1
*
  1.2525000E+00, 1.5000000E-01, 1.9250000E-01, 0.0000000E+00
* ELEM  2  line segment
 1, 276, 1
*
  1.4450000E+00, 1.5000000E-01, 0.0000000E+00, 1.1025000E+00
* ELEM  3  line segment
 1, 15, 1
*
  1.4450000E+00, 1.2525000E+00, -1.9250000E-01, 0.0000000E+00
* ELEM  4  line segment
 1, 23, 1
*
  1.2525000E+00, 1.2525000E+00, 0.0000000E+00, -8.0000000E-02
* ELEM  5  line segment
 1, 21, 1
*
  1.2525000E+00, 1.1725000E+00, 0.0000000E+00, -1.0225000E+00
* ELEM  6  line segment
 1, 10, 2
*
  -2.4400000E+00, 1.5000000E-01, 1.9250000E-01, 0.0000000E+00
* ELEM  7  line segment
 1, 24, 2
*
  -2.2475000E+00, 1.5000000E-01, 0.0000000E+00, 1.0225000E+00
* ELEM  8  line segment
 1, 26, 2
*
  -2.2475000E+00, 1.1725000E+00, 0.0000000E+00, 8.0000000E-02
* ELEM  9  line segment
 1, 16, 2
*
  -2.2475000E+00, 1.2525000E+00, -1.9250000E-01, 0.0000000E+00
* ELEM  10  line segment
 1, 283, 2
*
  -2.4400000E+00, 1.2525000E+00, 0.0000000E+00, -1.1025000E+00
* ELEM  11  line segment
 1, 13, 3
*
  1.2525000E+00, -2.2475000E+00, 1.9250000E-01, 0.0000000E+00
* ELEM  12  line segment
 1, 380, 3
*
  1.4450000E+00, -2.2475000E+00, 0.0000000E+00, 1.1025000E+00
* ELEM  13  line segment
 1, 9, 3
*
  1.4450000E+00, -1.1450000E+00, -1.9250000E-01, 0.0000000E+00
* ELEM  14  line segment
 1, 27, 3
*
  1.2525000E+00, -1.1450000E+00, 0.0000000E+00, -1.0225000E+00
* ELEM  15  line segment
 1, 29, 3
*
  1.2525000E+00, -2.1675000E+00, 0.0000000E+00, -8.0000000E-02
* ELEM  16  line segment
 1, 14, 4
*
  -2.4400000E+00, -2.2475000E+00, 1.9250000E-01, 0.0000000E+00
* ELEM  17  line segment
 1, 32, 4
*
  -2.2475000E+00, -2.2475000E+00, 0.0000000E+00, 8.0000000E-02
* ELEM  18  line segment
 1, 30, 4
*
  -2.2475000E+00, -2.1675000E+00, 0.0000000E+00, 1.0225000E+00
* ELEM  19  line segment
 1, 10, 4
*
  -2.2475000E+00, -1.1450000E+00, -1.9250000E-01, 0.0000000E+00
* ELEM  20  line segment
 1, 387, 4
*
  -2.4400000E+00, -1.1450000E+00, 0.0000000E+00, -1.1025000E+00
* ELEM  21  line segment
 1, 22, 5
*
  1.5000000E-01, 1.2525000E+00, 1.0225000E+00, 0.0000000E+00
* ELEM  22  line segment
 1, 23, 5
*
  1.1725000E+00, 1.2525000E+00, 8.0000000E-02, 0.0000000E+00
* ELEM  23  line segment
 1, 15, 5
*
  1.2525000E+00, 1.2525000E+00, 0.0000000E+00, 1.9250000E-01
* ELEM  24  line segment
 1, 211, 5
*
  1.2525000E+00, 1.4450000E+00, -1.1025000E+00, 0.0000000E+00
* ELEM  25  line segment
 1, 12, 5
*
  1.5000000E-01, 1.4450000E+00, 0.0000000E+00, -1.9250000E-01
* ELEM  26  line segment
 1, 26, 6
*
  -2.2475000E+00, 1.2525000E+00, 8.0000000E-02, 0.0000000E+00
* ELEM  27  line segment
 1, 25, 6
*
  -2.1675000E+00, 1.2525000E+00, 1.0225000E+00, 0.0000000E+00
* ELEM  28  line segment
 1, 12, 6
*
  -1.1450000E+00, 1.2525000E+00, 0.0000000E+00, 1.9250000E-01
* ELEM  29  line segment
 1, 225, 6
*
  -1.1450000E+00, 1.4450000E+00, -1.1025000E+00, 0.0000000E+00
* ELEM  30  line segment
 1, 16, 6
*
  -2.2475000E+00, 1.4450000E+00, 0.0000000E+00, -1.9250000E-01
* ELEM  31  line segment
 1, 438, 7
*
  1.5000000E-01, -2.4400000E+00, 1.1025000E+00, 0.0000000E+00
* ELEM  32  line segment
 1, 13, 7
*
  1.2525000E+00, -2.4400000E+00, 0.0000000E+00, 1.9250000E-01
* ELEM  33  line segment
 1, 29, 7
*
  1.2525000E+00, -2.2475000E+00, -8.0000000E-02, 0.0000000E+00
* ELEM  34  line segment
 1, 28, 7
*
  1.1725000E+00, -2.2475000E+00, -1.0225000E+00, 0.0000000E+00
* ELEM  35  line segment
 1, 11, 7
*
  1.5000000E-01, -2.2475000E+00, 0.0000000E+00, -1.9250000E-01
* ELEM  36  line segment
 1, 454, 8
*
  -2.2475000E+00, -2.4400000E+00, 1.1025000E+00, 0.0000000E+00
* ELEM  37  line segment
 1, 11, 8
*
  -1.1450000E+00, -2.4400000E+00, 0.0000000E+00, 1.9250000E-01
* ELEM  38  line segment
 1, 31, 8
*
  -1.1450000E+00, -2.2475000E+00, -1.0225000E+00, 0.0000000E+00
* ELEM  39  line segment
 1, 32, 8
*
  -2.1675000E+00, -2.2475000E+00, -8.0000000E-02, 0.0000000E+00
* ELEM  40  line segment
 1, 14, 8
*
  -2.2475000E+00, -2.2475000E+00, 0.0000000E+00, -1.9250000E-01
* ELEM  41  line segment
 1, 329, 9
*
  1.4450000E+00, -1.1450000E+00, 0.0000000E+00, 1.2950000E+00
* ELEM  42  line segment
 1, 17, 9
*
  1.2525000E+00, 1.5000000E-01, 0.0000000E+00, -1.2950000E+00
* ELEM  43  line segment
 1, 18, 10
*
  -2.2475000E+00, -1.1450000E+00, 0.0000000E+00, 1.2950000E+00
* ELEM  44  line segment
 1, 336, 10
*
  -2.4400000E+00, 1.5000000E-01, 0.0000000E+00, -1.2950000E+00
* ELEM  45  line segment
 1, 447, 11
*
  -1.1450000E+00, -2.4400000E+00, 1.2950000E+00, 0.0000000E+00
* ELEM  46  line segment
 1, 20, 11
*
  1.5000000E-01, -2.2475000E+00, -1.2950000E+00, 0.0000000E+00
* ELEM  47  line segment
 1, 19, 12
*
  -1.1450000E+00, 1.2525000E+00, 1.2950000E+00, 0.0000000E+00
* ELEM  48  line segment
 1, 218, 12
*
  1.5000000E-01, 1.4450000E+00, -1.2950000E+00, 0.0000000E+00
* ELEM  49  line segment
 1, 438, 13
*
  1.2525000E+00, -2.4400000E+00, 1.9250000E-01, 0.0000000E+00
* ELEM  50  line segment
 1, 380, 13
*
  1.4450000E+00, -2.4400000E+00, 0.0000000E+00, 1.9250000E-01
* ELEM  51  line segment
 1, 454, 14
*
  -2.4400000E+00, -2.4400000E+00, 1.9250000E-01, 0.0000000E+00
* ELEM  52  line segment
 1, 387, 14
*
  -2.4400000E+00, -2.2475000E+00, 0.0000000E+00, -1.9250000E-01
* ELEM  53  line segment
 1, 276, 15
*
  1.4450000E+00, 1.2525000E+00, 0.0000000E+00, 1.9250000E-01
* ELEM  54  line segment
 1, 211, 15
*
  1.4450000E+00, 1.4450000E+00, -1.9250000E-01, 0.0000000E+00
* ELEM  55  line segment
 1, 225, 16
*
  -2.2475000E+00, 1.4450000E+00, -1.9250000E-01, 0.0000000E+00
* ELEM  56  line segment
 1, 283, 16
*
  -2.4400000E+00, 1.4450000E+00, 0.0000000E+00, -1.9250000E-01
* ELEM  57  line segment
 1, 27, 17
*
  1.1725000E+00, -1.1450000E+00, 8.0000000E-02, 0.0000000E+00
* ELEM  58  line segment
 1, 21, 17
*
  1.2525000E+00, 1.5000000E-01, -8.0000000E-02, 0.0000000E+00
* ELEM  59  line segment
 1, 33, 17
*
  1.1725000E+00, 1.5000000E-01, 0.0000000E+00, -1.2950000E+00
* ELEM  60  line segment
 1, 30, 18
*
  -2.2475000E+00, -1.1450000E+00, 8.0000000E-02, 0.0000000E+00
* ELEM  61  line segment
 1, 34, 18
*
  -2.1675000E+00, -1.1450000E+00, 0.0000000E+00, 1.2950000E+00
* ELEM  62  line segment
 1, 24, 18
*
  -2.1675000E+00, 1.5000000E-01, -8.0000000E-02, 0.0000000E+00
* ELEM  63  line segment
 1, 35, 19
*
  -1.1450000E+00, 1.1725000E+00, 1.2950000E+00, 0.0000000E+00
* ELEM  64  line segment
 1, 22, 19
*
  1.5000000E-01, 1.1725000E+00, 0.0000000E+00, 8.0000000E-02
* ELEM  65  line segment
 1, 25, 19
*
  -1.1450000E+00, 1.2525000E+00, 0.0000000E+00, -8.0000000E-02
* ELEM  66  line segment
 1, 28, 20
*
  1.5000000E-01, -2.2475000E+00, 0.0000000E+00, 8.0000000E-02
* ELEM  67  line segment
 1, 37, 20
*
  1.5000000E-01, -2.1675000E+00, -1.2950000E+00, 0.0000000E+00
* ELEM  68  line segment
 1, 31, 20
*
  -1.1450000E+00, -2.1675000E+00, 0.0000000E+00, -8.0000000E-02
* ELEM  69  line segment
 1, 23, 21
*
  1.2525000E+00, 1.1725000E+00, -8.0000000E-02, 0.0000000E+00
* ELEM  70  line segment
 1, 36, 21
*
  1.1725000E+00, 1.1725000E+00, 0.0000000E+00, -1.0225000E+00
* ELEM  71  line segment
 1, 36, 22
*
  1.5000000E-01, 1.1725000E+00, 1.0225000E+00, 0.0000000E+00
* ELEM  72  line segment
 1, 23, 22
*
  1.1725000E+00, 1.1725000E+00, 0.0000000E+00, 8.0000000E-02
* ELEM  73  line segment
 1, 38, 24
*
  -2.1675000E+00, 1.5000000E-01, 0.0000000E+00, 1.0225000E+00
* ELEM  74  line segment
 1, 26, 24
*
  -2.1675000E+00, 1.1725000E+00, -8.0000000E-02, 0.0000000E+00
* ELEM  75  line segment
 1, 38, 25
*
  -2.1675000E+00, 1.1725000E+00, 1.0225000E+00, 0.0000000E+00
* ELEM  76  line segment
 1, 26, 25
*
  -2.1675000E+00, 1.2525000E+00, 0.0000000E+00, -8.0000000E-02
* ELEM  77  line segment
 1, 29, 27
*
  1.1725000E+00, -2.1675000E+00, 8.0000000E-02, 0.0000000E+00
* ELEM  78  line segment
 1, 39, 27
*
  1.1725000E+00, -1.1450000E+00, 0.0000000E+00, -1.0225000E+00
* ELEM  79  line segment
 1, 29, 28
*
  1.1725000E+00, -2.2475000E+00, 0.0000000E+00, 8.0000000E-02
* ELEM  80  line segment
 1, 39, 28
*
  1.1725000E+00, -2.1675000E+00, -1.0225000E+00, 0.0000000E+00
* ELEM  81  line segment
 1, 32, 30
*
  -2.2475000E+00, -2.1675000E+00, 8.0000000E-02, 0.0000000E+00
* ELEM  82  line segment
 1, 40, 30
*
  -2.1675000E+00, -2.1675000E+00, 0.0000000E+00, 1.0225000E+00
* ELEM  83  line segment
 1, 40, 31
*
  -1.1450000E+00, -2.1675000E+00, -1.0225000E+00, 0.0000000E+00
* ELEM  84  line segment
 1, 32, 31
*
  -2.1675000E+00, -2.1675000E+00, 0.0000000E+00, -8.0000000E-02
* ELEM  85  line segment
 1, 39, 33
*
  1.5000000E-01, -1.1450000E+00, 1.0225000E+00, 0.0000000E+00
* ELEM  86  line segment
 1, 36, 33
*
  1.1725000E+00, 1.5000000E-01, -1.0225000E+00, 0.0000000E+00
* ELEM  87  line segment
 1, 41, 33
*
  1.5000000E-01, 1.5000000E-01, 0.0000000E+00, -1.2950000E+00
* ELEM  88  line segment
 1, 40, 34
*
  -2.1675000E+00, -1.1450000E+00, 1.0225000E+00, 0.0000000E+00
* ELEM  89  line segment
 1, 41, 34
*
  -1.1450000E+00, -1.1450000E+00, 0.0000000E+00, 1.2950000E+00
* ELEM  90  line segment
 1, 38, 34
*
  -1.1450000E+00, 1.5000000E-01, -1.0225000E+00, 0.0000000E+00
* ELEM  91  line segment
 1, 41, 35
*
  -1.1450000E+00, 1.5000000E-01, 1.2950000E+00, 0.0000000E+00
* ELEM  92  line segment
 1, 36, 35
*
  1.5000000E-01, 1.5000000E-01, 0.0000000E+00, 1.0225000E+00
* ELEM  93  line segment
 1, 38, 35
*
  -1.1450000E+00, 1.1725000E+00, 0.0000000E+00, -1.0225000E+00
* ELEM  94  line segment
 1, 39, 37
*
  1.5000000E-01, -2.1675000E+00, 0.0000000E+00, 1.0225000E+00
* ELEM  95  line segment
 1, 41, 37
*
  1.5000000E-01, -1.1450000E+00, -1.2950000E+00, 0.0000000E+00
* ELEM  96  line segment
 1, 40, 37
*
  -1.1450000E+00, -1.1450000E+00, 0.0000000E+00, -1.0225000E+00
* ELEM  97  line segment
 1, 112, 42
*
  4.0350000E+00, 4.0350000E+00, 1.2950000E+00, 0.0000000E+00
* ELEM  98  line segment
 1, 49, 42
*
  4.0350000E+00, 5.3300000E+00, 0.0000000E+00, -1.2950000E+00
* ELEM  99  line segment
 1, 0, 42
*
  5.3300000E+00, 4.0350000E+00, 0.0000000E+00, 1.2950000E+00
* ELEM  100  line segment
 1, 0, 42
*
  5.3300000E+00, 5.3300000E+00, -1.2950000E+00, 0.0000000E+00
* ELEM  101  circle
 2, 43, 42
*
  4.6825000E+00, 4.6825000E+00, 5.1400000E-01, 0.0000000E+00
* ELEM  102  circle
 2, 44, 43
*
  4.6825000E+00, 4.6825000E+00, 4.5200000E-01, 0.0000000E+00
* ELEM  103  circle
 2, 45, 44
*
  4.6825000E+00, 4.6825000E+00, 4.4350000E-01, 0.0000000E+00
* ELEM  104  circle
 2, 46, 45
*
  4.6825000E+00, 4.6825000E+00, 4.3227000E-01, 0.0000000E+00
* ELEM  105  circle
 2, 47, 46
*
  4.6825000E+00, 4.6825000E+00, 3.9667800E-01, 0.0000000E+00
* ELEM  106  circle
 2, 48, 47
*
  4.6825000E+00, 4.6825000E+00, 3.1360200E-01, 0.0000000E+00
* ELEM  107  line segment
 1, 119, 49
*
  2.7400000E+00, 4.0350000E+00, 1.2950000E+00, 0.0000000E+00
* ELEM  108  line segment
 1, 56, 49
*
  2.7400000E+00, 5.3300000E+00, 0.0000000E+00, -1.2950000E+00
* ELEM  109  line segment
 1, 0, 49
*
  4.0350000E+00, 5.3300000E+00, -1.2950000E+00, 0.0000000E+00
* ELEM  110  circle
 2, 50, 49
*
  3.3875000E+00, 4.6825000E+00, 5.1400000E-01, 0.0000000E+00
* ELEM  111  circle
 2, 51, 50
*
  3.3875000E+00, 4.6825000E+00, 4.5200000E-01, 0.0000000E+00
* ELEM  112  circle
 2, 52, 51
*
  3.3875000E+00, 4.6825000E+00, 4.4350000E-01, 0.0000000E+00
* ELEM  113  circle
 2, 53, 52
*
  3.3875000E+00, 4.6825000E+00, 4.3227000E-01, 0.0000000E+00
* ELEM  114  circle
 2, 54, 53
*
  3.3875000E+00, 4.6825000E+00, 3.9667800E-01, 0.0000000E+00
* ELEM  115  circle
 2, 55, 54
*
  3.3875000E+00, 4.6825000E+00, 3.1360200E-01, 0.0000000E+00
* ELEM  116  line segment
 1, 126, 56
*
  1.4450000E+00, 4.0350000E+00, 1.2950000E+00, 0.0000000E+00
* ELEM  117  line segment
 1, 63, 56
*
  1.4450000E+00, 5.3300000E+00, 0.0000000E+00, -1.2950000E+00
* ELEM  118  line segment
 1, 0, 56
*
  2.7400000E+00, 5.3300000E+00, -1.2950000E+00, 0.0000000E+00
* ELEM  119  circle
 2, 57, 56
*
  2.0925000E+00, 4.6825000E+00, 5.1400000E-01, 0.0000000E+00
* ELEM  120  circle
 2, 58, 57
*
  2.0925000E+00, 4.6825000E+00, 4.5200000E-01, 0.0000000E+00
* ELEM  121  circle
 2, 59, 58
*
  2.0925000E+00, 4.6825000E+00, 4.4350000E-01, 0.0000000E+00
* ELEM  122  circle
 2, 60, 59
*
  2.0925000E+00, 4.6825000E+00, 4.3227000E-01, 0.0000000E+00
* ELEM  123  circle
 2, 61, 60
*
  2.0925000E+00, 4.6825000E+00, 3.9667800E-01, 0.0000000E+00
* ELEM  124  circle
 2, 62, 61
*
  2.0925000E+00, 4.6825000E+00, 3.1360200E-01, 0.0000000E+00
* ELEM  125  line segment
 1, 135, 63
*
  1.5000000E-01, 4.0350000E+00, 1.2950000E+00, 0.0000000E+00
* ELEM  126  line segment
 1, 70, 63
*
  1.5000000E-01, 5.3300000E+00, 0.0000000E+00, -1.2950000E+00
* ELEM  127  line segment
 1, 0, 63
*
  1.4450000E+00, 5.3300000E+00, -1.2950000E+00, 0.0000000E+00
* ELEM  128  circle
 2, 64, 63
*
  7.9750000E-01, 4.6825000E+00, 5.1400000E-01, 0.0000000E+00
* ELEM  129  circle
 2, 65, 64
*
  7.9750000E-01, 4.6825000E+00, 4.5200000E-01, 0.0000000E+00
* ELEM  130  circle
 2, 66, 65
*
  7.9750000E-01, 4.6825000E+00, 4.4350000E-01, 0.0000000E+00
* ELEM  131  circle
 2, 67, 66
*
  7.9750000E-01, 4.6825000E+00, 4.3227000E-01, 0.0000000E+00
* ELEM  132  circle
 2, 68, 67
*
  7.9750000E-01, 4.6825000E+00, 3.9667800E-01, 0.0000000E+00
* ELEM  133  circle
 2, 69, 68
*
  7.9750000E-01, 4.6825000E+00, 3.1360200E-01, 0.0000000E+00
* ELEM  134  line segment
 1, 142, 70
*
  -1.1450000E+00, 4.0350000E+00, 1.2950000E+00, 0.0000000E+00
* ELEM  135  line segment
 1, 77, 70
*
  -1.1450000E+00, 5.3300000E+00, 0.0000000E+00, -1.2950000E+00
* ELEM  136  line segment
 1, 0, 70
*
  1.5000000E-01, 5.3300000E+00, -1.2950000E+00, 0.0000000E+00
* ELEM  137  circle
 2, 71, 70
*
  -4.9750000E-01, 4.6825000E+00, 5.1400000E-01, 0.0000000E+00
* ELEM  138  circle
 2, 72, 71
*
  -4.9750000E-01, 4.6825000E+00, 4.5200000E-01, 0.0000000E+00
* ELEM  139  circle
 2, 73, 72
*
  -4.9750000E-01, 4.6825000E+00, 4.4350000E-01, 0.0000000E+00
* ELEM  140  circle
 2, 74, 73
*
  -4.9750000E-01, 4.6825000E+00, 4.3227000E-01, 0.0000000E+00
* ELEM  141  circle
 2, 75, 74
*
  -4.9750000E-01, 4.6825000E+00, 3.9667800E-01, 0.0000000E+00
* ELEM  142  circle
 2, 76, 75
*
  -4.9750000E-01, 4.6825000E+00, 3.1360200E-01, 0.0000000E+00
* ELEM  143  line segment
 1, 151, 77
*
  -2.4400000E+00, 4.0350000E+00, 1.2950000E+00, 0.0000000E+00
* ELEM  144  line segment
 1, 84, 77
*
  -2.4400000E+00, 5.3300000E+00, 0.0000000E+00, -1.2950000E+00
* ELEM  145  line segment
 1, 0, 77
*
  -1.1450000E+00, 5.3300000E+00, -1.2950000E+00, 0.0000000E+00
* ELEM  146  circle
 2, 78, 77
*
  -1.7925000E+00, 4.6825000E+00, 5.1400000E-01, 0.0000000E+00
* ELEM  147  circle
 2, 79, 78
*
  -1.7925000E+00, 4.6825000E+00, 4.5200000E-01, 0.0000000E+00
* ELEM  148  circle
 2, 80, 79
*
  -1.7925000E+00, 4.6825000E+00, 4.4350000E-01, 0.0000000E+00
* ELEM  149  circle
 2, 81, 80
*
  -1.7925000E+00, 4.6825000E+00, 4.3227000E-01, 0.0000000E+00
* ELEM  150  circle
 2, 82, 81
*
  -1.7925000E+00, 4.6825000E+00, 3.9667800E-01, 0.0000000E+00
* ELEM  151  circle
 2, 83, 82
*
  -1.7925000E+00, 4.6825000E+00, 3.1360200E-01, 0.0000000E+00
* ELEM  152  line segment
 1, 158, 84
*
  -3.7350000E+00, 4.0350000E+00, 1.2950000E+00, 0.0000000E+00
* ELEM  153  line segment
 1, 91, 84
*
  -3.7350000E+00, 5.3300000E+00, 0.0000000E+00, -1.2950000E+00
* ELEM  154  line segment
 1, 0, 84
*
  -2.4400000E+00, 5.3300000E+00, -1.2950000E+00, 0.0000000E+00
* ELEM  155  circle
 2, 85, 84
*
  -3.0875000E+00, 4.6825000E+00, 5.1400000E-01, 0.0000000E+00
* ELEM  156  circle
 2, 86, 85
*
  -3.0875000E+00, 4.6825000E+00, 4.5200000E-01, 0.0000000E+00
* ELEM  157  circle
 2, 87, 86
*
  -3.0875000E+00, 4.6825000E+00, 4.4350000E-01, 0.0000000E+00
* ELEM  158  circle
 2, 88, 87
*
  -3.0875000E+00, 4.6825000E+00, 4.3227000E-01, 0.0000000E+00
* ELEM  159  circle
 2, 89, 88
*
  -3.0875000E+00, 4.6825000E+00, 3.9667800E-01, 0.0000000E+00
* ELEM  160  circle
 2, 90, 89
*
  -3.0875000E+00, 4.6825000E+00, 3.1360200E-01, 0.0000000E+00
* ELEM  161  line segment
 1, 165, 91
*
  -5.0300000E+00, 4.0350000E+00, 1.2950000E+00, 0.0000000E+00
* ELEM  162  line segment
 1, 98, 91
*
  -5.0300000E+00, 5.3300000E+00, 0.0000000E+00, -1.2950000E+00
* ELEM  163  line segment
 1, 0, 91
*
  -3.7350000E+00, 5.3300000E+00, -1.2950000E+00, 0.0000000E+00
* ELEM  164  circle
 2, 92, 91
*
  -4.3825000E+00, 4.6825000E+00, 5.1400000E-01, 0.0000000E+00
* ELEM  165  circle
 2, 93, 92
*
  -4.3825000E+00, 4.6825000E+00, 4.5200000E-01, 0.0000000E+00
* ELEM  166  circle
 2, 94, 93
*
  -4.3825000E+00, 4.6825000E+00, 4.4350000E-01, 0.0000000E+00
* ELEM  167  circle
 2, 95, 94
*
  -4.3825000E+00, 4.6825000E+00, 4.3227000E-01, 0.0000000E+00
* ELEM  168  circle
 2, 96, 95
*
  -4.3825000E+00, 4.6825000E+00, 3.9667800E-01, 0.0000000E+00
* ELEM  169  circle
 2, 97, 96
*
  -4.3825000E+00, 4.6825000E+00, 3.1360200E-01, 0.0000000E+00
* ELEM  170  line segment
 1, 174, 98
*
  -6.3250000E+00, 4.0350000E+00, 1.2950000E+00, 0.0000000E+00
* ELEM  171  line segment
 1, 105, 98
*
  -6.3250000E+00, 5.3300000E+00, 0.0000000E+00, -1.2950000E+00
* ELEM  172  line segment
 1, 0, 98
*
  -5.0300000E+00, 5.3300000E+00, -1.2950000E+00, 0.0000000E+00
* ELEM  173  circle
 2, 99, 98
*
  -5.6775000E+00, 4.6825000E+00, 5.1400000E-01, 0.0000000E+00
* ELEM  174  circle
 2, 100, 99
*
  -5.6775000E+00, 4.6825000E+00, 4.5200000E-01, 0.0000000E+00
* ELEM  175  circle
 2, 101, 100
*
  -5.6775000E+00, 4.6825000E+00, 4.4350000E-01, 0.0000000E+00
* ELEM  176  circle
 2, 102, 101
*
  -5.6775000E+00, 4.6825000E+00, 4.3227000E-01, 0.0000000E+00
* ELEM  177  circle
 2, 103, 102
*
  -5.6775000E+00, 4.6825000E+00, 3.9667800E-01, 0.0000000E+00
* ELEM  178  circle
 2, 104, 103
*
  -5.6775000E+00, 4.6825000E+00, 3.1360200E-01, 0.0000000E+00
* ELEM  179  line segment
 1, 181, 105
*
  -7.6200000E+00, 4.0350000E+00, 1.2950000E+00, 0.0000000E+00
* ELEM  180  line segment
 1, 0, 105
*
  -7.6200000E+00, 5.3300000E+00, 0.0000000E+00, -1.2950000E+00
* ELEM  181  line segment
 1, 0, 105
*
  -6.3250000E+00, 5.3300000E+00, -1.2950000E+00, 0.0000000E+00
* ELEM  182  circle
 2, 106, 105
*
  -6.9725000E+00, 4.6825000E+00, 5.1400000E-01, 0.0000000E+00
* ELEM  183  circle
 2, 107, 106
*
  -6.9725000E+00, 4.6825000E+00, 4.5200000E-01, 0.0000000E+00
* ELEM  184  circle
 2, 108, 107
*
  -6.9725000E+00, 4.6825000E+00, 4.4350000E-01, 0.0000000E+00
* ELEM  185  circle
 2, 109, 108
*
  -6.9725000E+00, 4.6825000E+00, 4.3227000E-01, 0.0000000E+00
* ELEM  186  circle
 2, 110, 109
*
  -6.9725000E+00, 4.6825000E+00, 3.9667800E-01, 0.0000000E+00
* ELEM  187  circle
 2, 111, 110
*
  -6.9725000E+00, 4.6825000E+00, 3.1360200E-01, 0.0000000E+00
* ELEM  188  line segment
 1, 188, 112
*
  4.0350000E+00, 2.7400000E+00, 1.2950000E+00, 0.0000000E+00
* ELEM  189  line segment
 1, 119, 112
*
  4.0350000E+00, 4.0350000E+00, 0.0000000E+00, -1.2950000E+00
* ELEM  190  line segment
 1, 0, 112
*
  5.3300000E+00, 2.7400000E+00, 0.0000000E+00, 1.2950000E+00
* ELEM  191  circle
 2, 113, 112
*
  4.6825000E+00, 3.3875000E+00, 5.1400000E-01, 0.0000000E+00
* ELEM  192  circle
 2, 114, 113
*
  4.6825000E+00, 3.3875000E+00, 4.5200000E-01, 0.0000000E+00
* ELEM  193  circle
 2, 115, 114
*
  4.6825000E+00, 3.3875000E+00, 4.4350000E-01, 0.0000000E+00
* ELEM  194  circle
 2, 116, 115
*
  4.6825000E+00, 3.3875000E+00, 4.3227000E-01, 0.0000000E+00
* ELEM  195  circle
 2, 117, 116
*
  4.6825000E+00, 3.3875000E+00, 3.9667800E-01, 0.0000000E+00
* ELEM  196  circle
 2, 118, 117
*
  4.6825000E+00, 3.3875000E+00, 3.1360200E-01, 0.0000000E+00
* ELEM  197  line segment
 1, 195, 119
*
  2.7400000E+00, 2.7400000E+00, 1.2950000E+00, 0.0000000E+00
* ELEM  198  line segment
 1, 126, 119
*
  2.7400000E+00, 4.0350000E+00, 0.0000000E+00, -1.2950000E+00
* ELEM  199  circle
 2, 120, 119
*
  3.3875000E+00, 3.3875000E+00, 5.1400000E-01, 0.0000000E+00
* ELEM  200  circle
 2, 121, 120
*
  3.3875000E+00, 3.3875000E+00, 4.5200000E-01, 0.0000000E+00
* ELEM  201  circle
 2, 122, 121
*
  3.3875000E+00, 3.3875000E+00, 4.4350000E-01, 0.0000000E+00
* ELEM  202  circle
 2, 123, 122
*
  3.3875000E+00, 3.3875000E+00, 4.3227000E-01, 0.0000000E+00
* ELEM  203  circle
 2, 124, 123
*
  3.3875000E+00, 3.3875000E+00, 3.9667800E-01, 0.0000000E+00
* ELEM  204  circle
 2, 125, 124
*
  3.3875000E+00, 3.3875000E+00, 3.1360200E-01, 0.0000000E+00
* ELEM  205  line segment
 1, 204, 126
*
  1.4450000E+00, 2.7400000E+00, 1.2950000E+00, 0.0000000E+00
* ELEM  206  line segment
 1, 135, 126
*
  1.4450000E+00, 4.0350000E+00, 0.0000000E+00, -1.2950000E+00
* ELEM  207  circle
 2, 127, 126
*
  2.0925000E+00, 3.3875000E+00, 5.1400000E-01, 0.0000000E+00
* ELEM  208  circle
 2, 128, 127
*
  2.0925000E+00, 3.3875000E+00, 4.5200000E-01, 0.0000000E+00
* ELEM  209  circle
 2, 129, 128
*
  2.0925000E+00, 3.3875000E+00, 4.4350000E-01, 0.0000000E+00
* ELEM  210  circle
 2, 130, 129
*
  2.0925000E+00, 3.3875000E+00, 4.3227000E-01, 0.0000000E+00
* ELEM  211  circle
 2, 131, 130
*
  2.0925000E+00, 3.3875000E+00, 3.9668000E-01, 0.0000000E+00
* ELEM  212  circle
 2, 132, 131
*
  2.0925000E+00, 3.3875000E+00, 3.4353000E-01, 0.0000000E+00
* ELEM  213  circle
 2, 133, 132
*
  2.0925000E+00, 3.3875000E+00, 2.8049000E-01, 0.0000000E+00
* ELEM  214  circle
 2, 134, 133
*
  2.0925000E+00, 3.3875000E+00, 1.9834000E-01, 0.0000000E+00
* ELEM  215  line segment
 1, 211, 135
*
  1.5000000E-01, 2.7400000E+00, 1.2950000E+00, 0.0000000E+00
* ELEM  216  line segment
 1, 142, 135
*
  1.5000000E-01, 4.0350000E+00, 0.0000000E+00, -1.2950000E+00
* ELEM  217  circle
 2, 136, 135
*
  7.9750000E-01, 3.3875000E+00, 5.1400000E-01, 0.0000000E+00
* ELEM  218  circle
 2, 137, 136
*
  7.9750000E-01, 3.3875000E+00, 4.5200000E-01, 0.0000000E+00
* ELEM  219  circle
 2, 138, 137
*
  7.9750000E-01, 3.3875000E+00, 4.4350000E-01, 0.0000000E+00
* ELEM  220  circle
 2, 139, 138
*
  7.9750000E-01, 3.3875000E+00, 4.3227000E-01, 0.0000000E+00
* ELEM  221  circle
 2, 140, 139
*
  7.9750000E-01, 3.3875000E+00, 3.9667800E-01, 0.0000000E+00
* ELEM  222  circle
 2, 141, 140
*
  7.9750000E-01, 3.3875000E+00, 3.1360200E-01, 0.0000000E+00
* ELEM  223  line segment
 1, 218, 142
*
  -1.1450000E+00, 2.7400000E+00, 1.2950000E+00, 0.0000000E+00
* ELEM  224  line segment
 1, 151, 142
*
  -1.1450000E+00, 4.0350000E+00, 0.0000000E+00, -1.2950000E+00
* ELEM  225  circle
 2, 143, 142
*
  -4.9750000E-01, 3.3875000E+00, 5.1400000E-01, 0.0000000E+00
* ELEM  226  circle
 2, 144, 143
*
  -4.9750000E-01, 3.3875000E+00, 4.5200000E-01, 0.0000000E+00
* ELEM  227  circle
 2, 145, 144
*
  -4.9750000E-01, 3.3875000E+00, 4.4350000E-01, 0.0000000E+00
* ELEM  228  circle
 2, 146, 145
*
  -4.9750000E-01, 3.3875000E+00, 4.3227000E-01, 0.0000000E+00
* ELEM  229  circle
 2, 147, 146
*
  -4.9750000E-01, 3.3875000E+00, 3.9668000E-01, 0.0000000E+00
* ELEM  230  circle
 2, 148, 147
*
  -4.9750000E-01, 3.3875000E+00, 3.4353000E-01, 0.0000000E+00
* ELEM  231  circle
 2, 149, 148
*
  -4.9750000E-01, 3.3875000E+00, 2.8049000E-01, 0.0000000E+00
* ELEM  232  circle
 2, 150, 149
*
  -4.9750000E-01, 3.3875000E+00, 1.9834000E-01, 0.0000000E+00
* ELEM  233  line segment
 1, 225, 151
*
  -2.4400000E+00, 2.7400000E+00, 1.2950000E+00, 0.0000000E+00
* ELEM  234  line segment
 1, 158, 151
*
  -2.4400000E+00, 4.0350000E+00, 0.0000000E+00, -1.2950000E+00
* ELEM  235  circle
 2, 152, 151
*
  -1.7925000E+00, 3.3875000E+00, 5.1400000E-01, 0.0000000E+00
* ELEM  236  circle
 2, 153, 152
*
  -1.7925000E+00, 3.3875000E+00, 4.5200000E-01, 0.0000000E+00
* ELEM  237  circle
 2, 154, 153
*
  -1.7925000E+00, 3.3875000E+00, 4.4350000E-01, 0.0000000E+00
* ELEM  238  circle
 2, 155, 154
*
  -1.7925000E+00, 3.3875000E+00, 4.3227000E-01, 0.0000000E+00
* ELEM  239  circle
 2, 156, 155
*
  -1.7925000E+00, 3.3875000E+00, 3.9667800E-01, 0.0000000E+00
* ELEM  240  circle
 2, 157, 156
*
  -1.7925000E+00, 3.3875000E+00, 3.1360200E-01, 0.0000000E+00
* ELEM  241  line segment
 1, 232, 158
*
  -3.7350000E+00, 2.7400000E+00, 1.2950000E+00, 0.0000000E+00
* ELEM  242  line segment
 1, 165, 158
*
  -3.7350000E+00, 4.0350000E+00, 0.0000000E+00, -1.2950000E+00
* ELEM  243  circle
 2, 159, 158
*
  -3.0875000E+00, 3.3875000E+00, 5.1400000E-01, 0.0000000E+00
* ELEM  244  circle
 2, 160, 159
*
  -3.0875000E+00, 3.3875000E+00, 4.5200000E-01, 0.0000000E+00
* ELEM  245  circle
 2, 161, 160
*
  -3.0875000E+00, 3.3875000E+00, 4.4350000E-01, 0.0000000E+00
* ELEM  246  circle
 2, 162, 161
*
  -3.0875000E+00, 3.3875000E+00, 4.3227000E-01, 0.0000000E+00
* ELEM  247  circle
 2, 163, 162
*
  -3.0875000E+00, 3.3875000E+00, 3.9667800E-01, 0.0000000E+00
* ELEM  248  circle
 2, 164, 163
*
  -3.0875000E+00, 3.3875000E+00, 3.1360200E-01, 0.0000000E+00
* ELEM  249  line segment
 1, 239, 165
*
  -5.0300000E+00, 2.7400000E+00, 1.2950000E+00, 0.0000000E+00
* ELEM  250  line segment
 1, 174, 165
*
  -5.0300000E+00, 4.0350000E+00, 0.0000000E+00, -1.2950000E+00
* ELEM  251  circle
 2, 166, 165
*
  -4.3825000E+00, 3.3875000E+00, 5.1400000E-01, 0.0000000E+00
* ELEM  252  circle
 2, 167, 166
*
  -4.3825000E+00, 3.3875000E+00, 4.5200000E-01, 0.0000000E+00
* ELEM  253  circle
 2, 168, 167
*
  -4.3825000E+00, 3.3875000E+00, 4.4350000E-01, 0.0000000E+00
* ELEM  254  circle
 2, 169, 168
*
  -4.3825000E+00, 3.3875000E+00, 4.3227000E-01, 0.0000000E+00
* ELEM  255  circle
 2, 170, 169
*
  -4.3825000E+00, 3.3875000E+00, 3.9668000E-01, 0.0000000E+00
* ELEM  256  circle
 2, 171, 170
*
  -4.3825000E+00, 3.3875000E+00, 3.4353000E-01, 0.0000000E+00
* ELEM  257  circle
 2, 172, 171
*
  -4.3825000E+00, 3.3875000E+00, 2.8049000E-01, 0.0000000E+00
* ELEM  258  circle
 2, 173, 172
*
  -4.3825000E+00, 3.3875000E+00, 1.9834000E-01, 0.0000000E+00
* ELEM  259  line segment
 1, 246, 174
*
  -6.3250000E+00, 2.7400000E+00, 1.2950000E+00, 0.0000000E+00
* ELEM  260  line segment
 1, 181, 174
*
  -6.3250000E+00, 4.0350000E+00, 0.0000000E+00, -1.2950000E+00
* ELEM  261  circle
 2, 175, 174
*
  -5.6775000E+00, 3.3875000E+00, 5.1400000E-01, 0.0000000E+00
* ELEM  262  circle
 2, 176, 175
*
  -5.6775000E+00, 3.3875000E+00, 4.5200000E-01, 0.0000000E+00
* ELEM  263  circle
 2, 177, 176
*
  -5.6775000E+00, 3.3875000E+00, 4.4350000E-01, 0.0000000E+00
* ELEM  264  circle
 2, 178, 177
*
  -5.6775000E+00, 3.3875000E+00, 4.3227000E-01, 0.0000000E+00
* ELEM  265  circle
 2, 179, 178
*
  -5.6775000E+00, 3.3875000E+00, 3.9667800E-01, 0.0000000E+00
* ELEM  266  circle
 2, 180, 179
*
  -5.6775000E+00, 3.3875000E+00, 3.1360200E-01, 0.0000000E+00
* ELEM  267  line segment
 1, 255, 181
*
  -7.6200000E+00, 2.7400000E+00, 1.2950000E+00, 0.0000000E+00
* ELEM  268  line segment
 1, 0, 181
*
  -7.6200000E+00, 4.0350000E+00, 0.0000000E+00, -1.2950000E+00
* ELEM  269  circle
 2, 182, 181
*
  -6.9725000E+00, 3.3875000E+00, 5.1400000E-01, 0.0000000E+00
* ELEM  270  circle
 2, 183, 182
*
  -6.9725000E+00, 3.3875000E+00, 4.5200000E-01, 0.0000000E+00
* ELEM  271  circle
 2, 184, 183
*
  -6.9725000E+00, 3.3875000E+00, 4.4350000E-01, 0.0000000E+00
* ELEM  272  circle
 2, 185, 184
*
  -6.9725000E+00, 3.3875000E+00, 4.3227000E-01, 0.0000000E+00
* ELEM  273  circle
 2, 186, 185
*
  -6.9725000E+00, 3.3875000E+00, 3.9667800E-01, 0.0000000E+00
* ELEM  274  circle
 2, 187, 186
*
  -6.9725000E+00, 3.3875000E+00, 3.1360200E-01, 0.0000000E+00
* ELEM  275  line segment
 1, 262, 188
*
  4.0350000E+00, 1.4450000E+00, 1.2950000E+00, 0.0000000E+00
* ELEM  276  line segment
 1, 195, 188
*
  4.0350000E+00, 2.7400000E+00, 0.0000000E+00, -1.2950000E+00
* ELEM  277  line segment
 1, 0, 188
*
  5.3300000E+00, 1.4450000E+00, 0.0000000E+00, 1.2950000E+00
* ELEM  278  circle
 2, 189, 188
*
  4.6825000E+00, 2.0925000E+00, 5.1400000E-01, 0.0000000E+00
* ELEM  279  circle
 2, 190, 189
*
  4.6825000E+00, 2.0925000E+00, 4.5200000E-01, 0.0000000E+00
* ELEM  280  circle
 2, 191, 190
*
  4.6825000E+00, 2.0925000E+00, 4.4350000E-01, 0.0000000E+00
* ELEM  281  circle
 2, 192, 191
*
  4.6825000E+00, 2.0925000E+00, 4.3227000E-01, 0.0000000E+00
* ELEM  282  circle
 2, 193, 192
*
  4.6825000E+00, 2.0925000E+00, 3.9667800E-01, 0.0000000E+00
* ELEM  283  circle
 2, 194, 193
*
  4.6825000E+00, 2.0925000E+00, 3.1360200E-01, 0.0000000E+00
* ELEM  284  line segment
 1, 269, 195
*
  2.7400000E+00, 1.4450000E+00, 1.2950000E+00, 0.0000000E+00
* ELEM  285  line segment
 1, 204, 195
*
  2.7400000E+00, 2.7400000E+00, 0.0000000E+00, -1.2950000E+00
* ELEM  286  circle
 2, 196, 195
*
  3.3875000E+00, 2.0925000E+00, 5.1400000E-01, 0.0000000E+00
* ELEM  287  circle
 2, 197, 196
*
  3.3875000E+00, 2.0925000E+00, 4.5200000E-01, 0.0000000E+00
* ELEM  288  circle
 2, 198, 197
*
  3.3875000E+00, 2.0925000E+00, 4.4350000E-01, 0.0000000E+00
* ELEM  289  circle
 2, 199, 198
*
  3.3875000E+00, 2.0925000E+00, 4.3227000E-01, 0.0000000E+00
* ELEM  290  circle
 2, 200, 199
*
  3.3875000E+00, 2.0925000E+00, 3.9668000E-01, 0.0000000E+00
* ELEM  291  circle
 2, 201, 200
*
  3.3875000E+00, 2.0925000E+00, 3.4353000E-01, 0.0000000E+00
* ELEM  292  circle
 2, 202, 201
*
  3.3875000E+00, 2.0925000E+00, 2.8049000E-01, 0.0000000E+00
* ELEM  293  circle
 2, 203, 202
*
  3.3875000E+00, 2.0925000E+00, 1.9834000E-01, 0.0000000E+00
* ELEM  294  line segment
 1, 276, 204
*
  1.4450000E+00, 1.4450000E+00, 1.2950000E+00, 0.0000000E+00
* ELEM  295  line segment
 1, 211, 204
*
  1.4450000E+00, 2.7400000E+00, 0.0000000E+00, -1.2950000E+00
* ELEM  296  circle
 2, 205, 204
*
  2.0925000E+00, 2.0925000E+00, 5.1400000E-01, 0.0000000E+00
* ELEM  297  circle
 2, 206, 205
*
  2.0925000E+00, 2.0925000E+00, 4.5200000E-01, 0.0000000E+00
* ELEM  298  circle
 2, 207, 206
*
  2.0925000E+00, 2.0925000E+00, 4.4350000E-01, 0.0000000E+00
* ELEM  299  circle
 2, 208, 207
*
  2.0925000E+00, 2.0925000E+00, 4.3227000E-01, 0.0000000E+00
* ELEM  300  circle
 2, 209, 208
*
  2.0925000E+00, 2.0925000E+00, 3.9667800E-01, 0.0000000E+00
* ELEM  301  circle
 2, 210, 209
*
  2.0925000E+00, 2.0925000E+00, 3.1360200E-01, 0.0000000E+00
* ELEM  302  line segment
 1, 218, 211
*
  1.5000000E-01, 2.7400000E+00, 0.0000000E+00, -1.2950000E+00
* ELEM  303  circle
 2, 212, 211
*
  7.9750000E-01, 2.0925000E+00, 5.1400000E-01, 0.0000000E+00
* ELEM  304  circle
 2, 213, 212
*
  7.9750000E-01, 2.0925000E+00, 4.5200000E-01, 0.0000000E+00
* ELEM  305  circle
 2, 214, 213
*
  7.9750000E-01, 2.0925000E+00, 4.4350000E-01, 0.0000000E+00
* ELEM  306  circle
 2, 215, 214
*
  7.9750000E-01, 2.0925000E+00, 4.3227000E-01, 0.0000000E+00
* ELEM  307  circle
 2, 216, 215
*
  7.9750000E-01, 2.0925000E+00, 3.9667800E-01, 0.0000000E+00
* ELEM  308  circle
 2, 217, 216
*
  7.9750000E-01, 2.0925000E+00, 3.1360200E-01, 0.0000000E+00
* ELEM  309  line segment
 1, 225, 218
*
  -1.1450000E+00, 2.7400000E+00, 0.0000000E+00, -1.2950000E+00
* ELEM  310  circle
 2, 219, 218
*
  -4.9750000E-01, 2.0925000E+00, 5.1400000E-01, 0.0000000E+00
* ELEM  311  circle
 2, 220, 219
*
  -4.9750000E-01, 2.0925000E+00, 4.5200000E-01, 0.0000000E+00
* ELEM  312  circle
 2, 221, 220
*
  -4.9750000E-01, 2.0925000E+00, 4.4350000E-01, 0.0000000E+00
* ELEM  313  circle
 2, 222, 221
*
  -4.9750000E-01, 2.0925000E+00, 4.3227000E-01, 0.0000000E+00
* ELEM  314  circle
 2, 223, 222
*
  -4.9750000E-01, 2.0925000E+00, 3.9667800E-01, 0.0000000E+00
* ELEM  315  circle
 2, 224, 223
*
  -4.9750000E-01, 2.0925000E+00, 3.1360200E-01, 0.0000000E+00
* ELEM  316  line segment
 1, 232, 225
*
  -2.4400000E+00, 2.7400000E+00, 0.0000000E+00, -1.2950000E+00
* ELEM  317  circle
 2, 226, 225
*
  -1.7925000E+00, 2.0925000E+00, 5.1400000E-01, 0.0000000E+00
* ELEM  318  circle
 2, 227, 226
*
  -1.7925000E+00, 2.0925000E+00, 4.5200000E-01, 0.0000000E+00
* ELEM  319  circle
 2, 228, 227
*
  -1.7925000E+00, 2.0925000E+00, 4.4350000E-01, 0.0000000E+00
* ELEM  320  circle
 2, 229, 228
*
  -1.7925000E+00, 2.0925000E+00, 4.3227000E-01, 0.0000000E+00
* ELEM  321  circle
 2, 230, 229
*
  -1.7925000E+00, 2.0925000E+00, 3.9667800E-01, 0.0000000E+00
* ELEM  322  circle
 2, 231, 230
*
  -1.7925000E+00, 2.0925000E+00, 3.1360200E-01, 0.0000000E+00
* ELEM  323  line segment
 1, 283, 232
*
  -3.7350000E+00, 1.4450000E+00, 1.2950000E+00, 0.0000000E+00
* ELEM  324  line segment
 1, 239, 232
*
  -3.7350000E+00, 2.7400000E+00, 0.0000000E+00, -1.2950000E+00
* ELEM  325  circle
 2, 233, 232
*
  -3.0875000E+00, 2.0925000E+00, 5.1400000E-01, 0.0000000E+00
* ELEM  326  circle
 2, 234, 233
*
  -3.0875000E+00, 2.0925000E+00, 4.5200000E-01, 0.0000000E+00
* ELEM  327  circle
 2, 235, 234
*
  -3.0875000E+00, 2.0925000E+00, 4.4350000E-01, 0.0000000E+00
* ELEM  328  circle
 2, 236, 235
*
  -3.0875000E+00, 2.0925000E+00, 4.3227000E-01, 0.0000000E+00
* ELEM  329  circle
 2, 237, 236
*
  -3.0875000E+00, 2.0925000E+00, 3.9667800E-01, 0.0000000E+00
* ELEM  330  circle
 2, 238, 237
*
  -3.0875000E+00, 2.0925000E+00, 3.1360200E-01, 0.0000000E+00
* ELEM  331  line segment
 1, 292, 239
*
  -5.0300000E+00, 1.4450000E+00, 1.2950000E+00, 0.0000000E+00
* ELEM  332  line segment
 1, 246, 239
*
  -5.0300000E+00, 2.7400000E+00, 0.0000000E+00, -1.2950000E+00
* ELEM  333  circle
 2, 240, 239
*
  -4.3825000E+00, 2.0925000E+00, 5.1400000E-01, 0.0000000E+00
* ELEM  334  circle
 2, 241, 240
*
  -4.3825000E+00, 2.0925000E+00, 4.5200000E-01, 0.0000000E+00
* ELEM  335  circle
 2, 242, 241
*
  -4.3825000E+00, 2.0925000E+00, 4.4350000E-01, 0.0000000E+00
* ELEM  336  circle
 2, 243, 242
*
  -4.3825000E+00, 2.0925000E+00, 4.3227000E-01, 0.0000000E+00
* ELEM  337  circle
 2, 244, 243
*
  -4.3825000E+00, 2.0925000E+00, 3.9667800E-01, 0.0000000E+00
* ELEM  338  circle
 2, 245, 244
*
  -4.3825000E+00, 2.0925000E+00, 3.1360200E-01, 0.0000000E+00
* ELEM  339  line segment
 1, 299, 246
*
  -6.3250000E+00, 1.4450000E+00, 1.2950000E+00, 0.0000000E+00
* ELEM  340  line segment
 1, 255, 246
*
  -6.3250000E+00, 2.7400000E+00, 0.0000000E+00, -1.2950000E+00
* ELEM  341  circle
 2, 247, 246
*
  -5.6775000E+00, 2.0925000E+00, 5.1400000E-01, 0.0000000E+00
* ELEM  342  circle
 2, 248, 247
*
  -5.6775000E+00, 2.0925000E+00, 4.5200000E-01, 0.0000000E+00
* ELEM  343  circle
 2, 249, 248
*
  -5.6775000E+00, 2.0925000E+00, 4.4350000E-01, 0.0000000E+00
* ELEM  344  circle
 2, 250, 249
*
  -5.6775000E+00, 2.0925000E+00, 4.3227000E-01, 0.0000000E+00
* ELEM  345  circle
 2, 251, 250
*
  -5.6775000E+00, 2.0925000E+00, 3.9668000E-01, 0.0000000E+00
* ELEM  346  circle
 2, 252, 251
*
  -5.6775000E+00, 2.0925000E+00, 3.4353000E-01, 0.0000000E+00
* ELEM  347  circle
 2, 253, 252
*
  -5.6775000E+00, 2.0925000E+00, 2.8049000E-01, 0.0000000E+00
* ELEM  348  circle
 2, 254, 253
*
  -5.6775000E+00, 2.0925000E+00, 1.9834000E-01, 0.0000000E+00
* ELEM  349  line segment
 1, 306, 255
*
  -7.6200000E+00, 1.4450000E+00, 1.2950000E+00, 0.0000000E+00
* ELEM  350  line segment
 1, 0, 255
*
  -7.6200000E+00, 2.7400000E+00, 0.0000000E+00, -1.2950000E+00
* ELEM  351  circle
 2, 256, 255
*
  -6.9725000E+00, 2.0925000E+00, 5.1400000E-01, 0.0000000E+00
* ELEM  352  circle
 2, 257, 256
*
  -6.9725000E+00, 2.0925000E+00, 4.5200000E-01, 0.0000000E+00
* ELEM  353  circle
 2, 258, 257
*
  -6.9725000E+00, 2.0925000E+00, 4.4350000E-01, 0.0000000E+00
* ELEM  354  circle
 2, 259, 258
*
  -6.9725000E+00, 2.0925000E+00, 4.3227000E-01, 0.0000000E+00
* ELEM  355  circle
 2, 260, 259
*
  -6.9725000E+00, 2.0925000E+00, 3.9667800E-01, 0.0000000E+00
* ELEM  356  circle
 2, 261, 260
*
  -6.9725000E+00, 2.0925000E+00, 3.1360200E-01, 0.0000000E+00
* ELEM  357  line segment
 1, 313, 262
*
  4.0350000E+00, 1.5000000E-01, 1.2950000E+00, 0.0000000E+00
* ELEM  358  line segment
 1, 269, 262
*
  4.0350000E+00, 1.4450000E+00, 0.0000000E+00, -1.2950000E+00
* ELEM  359  line segment
 1, 0, 262
*
  5.3300000E+00, 1.5000000E-01, 0.0000000E+00, 1.2950000E+00
* ELEM  360  circle
 2, 263, 262
*
  4.6825000E+00, 7.9750000E-01, 5.1400000E-01, 0.0000000E+00
* ELEM  361  circle
 2, 264, 263
*
  4.6825000E+00, 7.9750000E-01, 4.5200000E-01, 0.0000000E+00
* ELEM  362  circle
 2, 265, 264
*
  4.6825000E+00, 7.9750000E-01, 4.4350000E-01, 0.0000000E+00
* ELEM  363  circle
 2, 266, 265
*
  4.6825000E+00, 7.9750000E-01, 4.3227000E-01, 0.0000000E+00
* ELEM  364  circle
 2, 267, 266
*
  4.6825000E+00, 7.9750000E-01, 3.9667800E-01, 0.0000000E+00
* ELEM  365  circle
 2, 268, 267
*
  4.6825000E+00, 7.9750000E-01, 3.1360200E-01, 0.0000000E+00
* ELEM  366  line segment
 1, 320, 269
*
  2.7400000E+00, 1.5000000E-01, 1.2950000E+00, 0.0000000E+00
* ELEM  367  line segment
 1, 276, 269
*
  2.7400000E+00, 1.4450000E+00, 0.0000000E+00, -1.2950000E+00
* ELEM  368  circle
 2, 270, 269
*
  3.3875000E+00, 7.9750000E-01, 5.1400000E-01, 0.0000000E+00
* ELEM  369  circle
 2, 271, 270
*
  3.3875000E+00, 7.9750000E-01, 4.5200000E-01, 0.0000000E+00
* ELEM  370  circle
 2, 272, 271
*
  3.3875000E+00, 7.9750000E-01, 4.4350000E-01, 0.0000000E+00
* ELEM  371  circle
 2, 273, 272
*
  3.3875000E+00, 7.9750000E-01, 4.3227000E-01, 0.0000000E+00
* ELEM  372  circle
 2, 274, 273
*
  3.3875000E+00, 7.9750000E-01, 3.9667800E-01, 0.0000000E+00
* ELEM  373  circle
 2, 275, 274
*
  3.3875000E+00, 7.9750000E-01, 3.1360200E-01, 0.0000000E+00
* ELEM  374  line segment
 1, 329, 276
*
  1.4450000E+00, 1.5000000E-01, 1.2950000E+00, 0.0000000E+00
* ELEM  375  circle
 2, 277, 276
*
  2.0925000E+00, 7.9750000E-01, 5.1400000E-01, 0.0000000E+00
* ELEM  376  circle
 2, 278, 277
*
  2.0925000E+00, 7.9750000E-01, 4.5200000E-01, 0.0000000E+00
* ELEM  377  circle
 2, 279, 278
*
  2.0925000E+00, 7.9750000E-01, 4.4350000E-01, 0.0000000E+00
* ELEM  378  circle
 2, 280, 279
*
  2.0925000E+00, 7.9750000E-01, 4.3227000E-01, 0.0000000E+00
* ELEM  379  circle
 2, 281, 280
*
  2.0925000E+00, 7.9750000E-01, 3.9667800E-01, 0.0000000E+00
* ELEM  380  circle
 2, 282, 281
*
  2.0925000E+00, 7.9750000E-01, 3.1360200E-01, 0.0000000E+00
* ELEM  381  line segment
 1, 336, 283
*
  -3.7350000E+00, 1.5000000E-01, 1.2950000E+00, 0.0000000E+00
* ELEM  382  line segment
 1, 292, 283
*
  -3.7350000E+00, 1.4450000E+00, 0.0000000E+00, -1.2950000E+00
* ELEM  383  circle
 2, 284, 283
*
  -3.0875000E+00, 7.9750000E-01, 5.1400000E-01, 0.0000000E+00
* ELEM  384  circle
 2, 285, 284
*
  -3.0875000E+00, 7.9750000E-01, 4.5200000E-01, 0.0000000E+00
* ELEM  385  circle
 2, 286, 285
*
  -3.0875000E+00, 7.9750000E-01, 4.4350000E-01, 0.0000000E+00
* ELEM  386  circle
 2, 287, 286
*
  -3.0875000E+00, 7.9750000E-01, 4.3227000E-01, 0.0000000E+00
* ELEM  387  circle
 2, 288, 287
*
  -3.0875000E+00, 7.9750000E-01, 3.9668000E-01, 0.0000000E+00
* ELEM  388  circle
 2, 289, 288
*
  -3.0875000E+00, 7.9750000E-01, 3.4353000E-01, 0.0000000E+00
* ELEM  389  circle
 2, 290, 289
*
  -3.0875000E+00, 7.9750000E-01, 2.8049000E-01, 0.0000000E+00
* ELEM  390  circle
 2, 291, 290
*
  -3.0875000E+00, 7.9750000E-01, 1.9834000E-01, 0.0000000E+00
* ELEM  391  line segment
 1, 343, 292
*
  -5.0300000E+00, 1.5000000E-01, 1.2950000E+00, 0.0000000E+00
* ELEM  392  line segment
 1, 299, 292
*
  -5.0300000E+00, 1.4450000E+00, 0.0000000E+00, -1.2950000E+00
* ELEM  393  circle
 2, 293, 292
*
  -4.3825000E+00, 7.9750000E-01, 5.1400000E-01, 0.0000000E+00
* ELEM  394  circle
 2, 294, 293
*
  -4.3825000E+00, 7.9750000E-01, 4.5200000E-01, 0.0000000E+00
* ELEM  395  circle
 2, 295, 294
*
  -4.3825000E+00, 7.9750000E-01, 4.4350000E-01, 0.0000000E+00
* ELEM  396  circle
 2, 296, 295
*
  -4.3825000E+00, 7.9750000E-01, 4.3227000E-01, 0.0000000E+00
* ELEM  397  circle
 2, 297, 296
*
  -4.3825000E+00, 7.9750000E-01, 3.9667800E-01, 0.0000000E+00
* ELEM  398  circle
 2, 298, 297
*
  -4.3825000E+00, 7.9750000E-01, 3.1360200E-01, 0.0000000E+00
* ELEM  399  line segment
 1, 352, 299
*
  -6.3250000E+00, 1.5000000E-01, 1.2950000E+00, 0.0000000E+00
* ELEM  400  line segment
 1, 306, 299
*
  -6.3250000E+00, 1.4450000E+00, 0.0000000E+00, -1.2950000E+00
* ELEM  401  circle
 2, 300, 299
*
  -5.6775000E+00, 7.9750000E-01, 5.1400000E-01, 0.0000000E+00
* ELEM  402  circle
 2, 301, 300
*
  -5.6775000E+00, 7.9750000E-01, 4.5200000E-01, 0.0000000E+00
* ELEM  403  circle
 2, 302, 301
*
  -5.6775000E+00, 7.9750000E-01, 4.4350000E-01, 0.0000000E+00
* ELEM  404  circle
 2, 303, 302
*
  -5.6775000E+00, 7.9750000E-01, 4.3227000E-01, 0.0000000E+00
* ELEM  405  circle
 2, 304, 303
*
  -5.6775000E+00, 7.9750000E-01, 3.9667800E-01, 0.0000000E+00
* ELEM  406  circle
 2, 305, 304
*
  -5.6775000E+00, 7.9750000E-01, 3.1360200E-01, 0.0000000E+00
* ELEM  407  line segment
 1, 359, 306
*
  -7.6200000E+00, 1.5000000E-01, 1.2950000E+00, 0.0000000E+00
* ELEM  408  line segment
 1, 0, 306
*
  -7.6200000E+00, 1.4450000E+00, 0.0000000E+00, -1.2950000E+00
* ELEM  409  circle
 2, 307, 306
*
  -6.9725000E+00, 7.9750000E-01, 5.1400000E-01, 0.0000000E+00
* ELEM  410  circle
 2, 308, 307
*
  -6.9725000E+00, 7.9750000E-01, 4.5200000E-01, 0.0000000E+00
* ELEM  411  circle
 2, 309, 308
*
  -6.9725000E+00, 7.9750000E-01, 4.4350000E-01, 0.0000000E+00
* ELEM  412  circle
 2, 310, 309
*
  -6.9725000E+00, 7.9750000E-01, 4.3227000E-01, 0.0000000E+00
* ELEM  413  circle
 2, 311, 310
*
  -6.9725000E+00, 7.9750000E-01, 3.9667800E-01, 0.0000000E+00
* ELEM  414  circle
 2, 312, 311
*
  -6.9725000E+00, 7.9750000E-01, 3.1360200E-01, 0.0000000E+00
* ELEM  415  line segment
 1, 366, 313
*
  4.0350000E+00, -1.1450000E+00, 1.2950000E+00, 0.0000000E+00
* ELEM  416  line segment
 1, 320, 313
*
  4.0350000E+00, 1.5000000E-01, 0.0000000E+00, -1.2950000E+00
* ELEM  417  line segment
 1, 0, 313
*
  5.3300000E+00, -1.1450000E+00, 0.0000000E+00, 1.2950000E+00
* ELEM  418  circle
 2, 314, 313
*
  4.6825000E+00, -4.9750000E-01, 5.1400000E-01, 0.0000000E+00
* ELEM  419  circle
 2, 315, 314
*
  4.6825000E+00, -4.9750000E-01, 4.5200000E-01, 0.0000000E+00
* ELEM  420  circle
 2, 316, 315
*
  4.6825000E+00, -4.9750000E-01, 4.4350000E-01, 0.0000000E+00
* ELEM  421  circle
 2, 317, 316
*
  4.6825000E+00, -4.9750000E-01, 4.3227000E-01, 0.0000000E+00
* ELEM  422  circle
 2, 318, 317
*
  4.6825000E+00, -4.9750000E-01, 3.9667800E-01, 0.0000000E+00
* ELEM  423  circle
 2, 319, 318
*
  4.6825000E+00, -4.9750000E-01, 3.1360200E-01, 0.0000000E+00
* ELEM  424  line segment
 1, 373, 320
*
  2.7400000E+00, -1.1450000E+00, 1.2950000E+00, 0.0000000E+00
* ELEM  425  line segment
 1, 329, 320
*
  2.7400000E+00, 1.5000000E-01, 0.0000000E+00, -1.2950000E+00
* ELEM  426  circle
 2, 321, 320
*
  3.3875000E+00, -4.9750000E-01, 5.1400000E-01, 0.0000000E+00
* ELEM  427  circle
 2, 322, 321
*
  3.3875000E+00, -4.9750000E-01, 4.5200000E-01, 0.0000000E+00
* ELEM  428  circle
 2, 323, 322
*
  3.3875000E+00, -4.9750000E-01, 4.4350000E-01, 0.0000000E+00
* ELEM  429  circle
 2, 324, 323
*
  3.3875000E+00, -4.9750000E-01, 4.3227000E-01, 0.0000000E+00
* ELEM  430  circle
 2, 325, 324
*
  3.3875000E+00, -4.9750000E-01, 3.9668000E-01, 0.0000000E+00
* ELEM  431  circle
 2, 326, 325
*
  3.3875000E+00, -4.9750000E-01, 3.4353000E-01, 0.0000000E+00
* ELEM  432  circle
 2, 327, 326
*
  3.3875000E+00, -4.9750000E-01, 2.8049000E-01, 0.0000000E+00
* ELEM  433  circle
 2, 328, 327
*
  3.3875000E+00, -4.9750000E-01, 1.9834000E-01, 0.0000000E+00
* ELEM  434  line segment
 1, 380, 329
*
  1.4450000E+00, -1.1450000E+00, 1.2950000E+00, 0.0000000E+00
* ELEM  435  circle
 2, 330, 329
*
  2.0925000E+00, -4.9750000E-01, 5.1400000E-01, 0.0000000E+00
* ELEM  436  circle
 2, 331, 330
*
  2.0925000E+00, -4.9750000E-01, 4.5200000E-01, 0.0000000E+00
* ELEM  437  circle
 2, 332, 331
*
  2.0925000E+00, -4.9750000E-01, 4.4350000E-01, 0.0000000E+00
* ELEM  438  circle
 2, 333, 332
*
  2.0925000E+00, -4.9750000E-01, 4.3227000E-01, 0.0000000E+00
* ELEM  439  circle
 2, 334, 333
*
  2.0925000E+00, -4.9750000E-01, 3.9667800E-01, 0.0000000E+00
* ELEM  440  circle
 2, 335, 334
*
  2.0925000E+00, -4.9750000E-01, 3.1360200E-01, 0.0000000E+00
* ELEM  441  line segment
 1, 387, 336
*
  -3.7350000E+00, -1.1450000E+00, 1.2950000E+00, 0.0000000E+00
* ELEM  442  line segment
 1, 343, 336
*
  -3.7350000E+00, 1.5000000E-01, 0.0000000E+00, -1.2950000E+00
* ELEM  443  circle
 2, 337, 336
*
  -3.0875000E+00, -4.9750000E-01, 5.1400000E-01, 0.0000000E+00
* ELEM  444  circle
 2, 338, 337
*
  -3.0875000E+00, -4.9750000E-01, 4.5200000E-01, 0.0000000E+00
* ELEM  445  circle
 2, 339, 338
*
  -3.0875000E+00, -4.9750000E-01, 4.4350000E-01, 0.0000000E+00
* ELEM  446  circle
 2, 340, 339
*
  -3.0875000E+00, -4.9750000E-01, 4.3227000E-01, 0.0000000E+00
* ELEM  447  circle
 2, 341, 340
*
  -3.0875000E+00, -4.9750000E-01, 3.9667800E-01, 0.0000000E+00
* ELEM  448  circle
 2, 342, 341
*
  -3.0875000E+00, -4.9750000E-01, 3.1360200E-01, 0.0000000E+00
* ELEM  449  line segment
 1, 394, 343
*
  -5.0300000E+00, -1.1450000E+00, 1.2950000E+00, 0.0000000E+00
* ELEM  450  line segment
 1, 352, 343
*
  -5.0300000E+00, 1.5000000E-01, 0.0000000E+00, -1.2950000E+00
* ELEM  451  circle
 2, 344, 343
*
  -4.3825000E+00, -4.9750000E-01, 5.1400000E-01, 0.0000000E+00
* ELEM  452  circle
 2, 345, 344
*
  -4.3825000E+00, -4.9750000E-01, 4.5200000E-01, 0.0000000E+00
* ELEM  453  circle
 2, 346, 345
*
  -4.3825000E+00, -4.9750000E-01, 4.4350000E-01, 0.0000000E+00
* ELEM  454  circle
 2, 347, 346
*
  -4.3825000E+00, -4.9750000E-01, 4.3227000E-01, 0.0000000E+00
* ELEM  455  circle
 2, 348, 347
*
  -4.3825000E+00, -4.9750000E-01, 3.9668000E-01, 0.0000000E+00
* ELEM  456  circle
 2, 349, 348
*
  -4.3825000E+00, -4.9750000E-01, 3.4353000E-01, 0.0000000E+00
* ELEM  457  circle
 2, 350, 349
*
  -4.3825000E+00, -4.9750000E-01, 2.8049000E-01, 0.0000000E+00
* ELEM  458  circle
 2, 351, 350
*
  -4.3825000E+00, -4.9750000E-01, 1.9834000E-01, 0.0000000E+00
* ELEM  459  line segment
 1, 401, 352
*
  -6.3250000E+00, -1.1450000E+00, 1.2950000E+00, 0.0000000E+00
* ELEM  460  line segment
 1, 359, 352
*
  -6.3250000E+00, 1.5000000E-01, 0.0000000E+00, -1.2950000E+00
* ELEM  461  circle
 2, 353, 352
*
  -5.6775000E+00, -4.9750000E-01, 5.1400000E-01, 0.0000000E+00
* ELEM  462  circle
 2, 354, 353
*
  -5.6775000E+00, -4.9750000E-01, 4.5200000E-01, 0.0000000E+00
* ELEM  463  circle
 2, 355, 354
*
  -5.6775000E+00, -4.9750000E-01, 4.4350000E-01, 0.0000000E+00
* ELEM  464  circle
 2, 356, 355
*
  -5.6775000E+00, -4.9750000E-01, 4.3227000E-01, 0.0000000E+00
* ELEM  465  circle
 2, 357, 356
*
  -5.6775000E+00, -4.9750000E-01, 3.9667800E-01, 0.0000000E+00
* ELEM  466  circle
 2, 358, 357
*
  -5.6775000E+00, -4.9750000E-01, 3.1360200E-01, 0.0000000E+00
* ELEM  467  line segment
 1, 410, 359
*
  -7.6200000E+00, -1.1450000E+00, 1.2950000E+00, 0.0000000E+00
* ELEM  468  line segment
 1, 0, 359
*
  -7.6200000E+00, 1.5000000E-01, 0.0000000E+00, -1.2950000E+00
* ELEM  469  circle
 2, 360, 359
*
  -6.9725000E+00, -4.9750000E-01, 5.1400000E-01, 0.0000000E+00
* ELEM  470  circle
 2, 361, 360
*
  -6.9725000E+00, -4.9750000E-01, 4.5200000E-01, 0.0000000E+00
* ELEM  471  circle
 2, 362, 361
*
  -6.9725000E+00, -4.9750000E-01, 4.4350000E-01, 0.0000000E+00
* ELEM  472  circle
 2, 363, 362
*
  -6.9725000E+00, -4.9750000E-01, 4.3227000E-01, 0.0000000E+00
* ELEM  473  circle
 2, 364, 363
*
  -6.9725000E+00, -4.9750000E-01, 3.9667800E-01, 0.0000000E+00
* ELEM  474  circle
 2, 365, 364
*
  -6.9725000E+00, -4.9750000E-01, 3.1360200E-01, 0.0000000E+00
* ELEM  475  line segment
 1, 417, 366
*
  4.0350000E+00, -2.4400000E+00, 1.2950000E+00, 0.0000000E+00
* ELEM  476  line segment
 1, 373, 366
*
  4.0350000E+00, -1.1450000E+00, 0.0000000E+00, -1.2950000E+00
* ELEM  477  line segment
 1, 0, 366
*
  5.3300000E+00, -2.4400000E+00, 0.0000000E+00, 1.2950000E+00
* ELEM  478  circle
 2, 367, 366
*
  4.6825000E+00, -1.7925000E+00, 5.1400000E-01, 0.0000000E+00
* ELEM  479  circle
 2, 368, 367
*
  4.6825000E+00, -1.7925000E+00, 4.5200000E-01, 0.0000000E+00
* ELEM  480  circle
 2, 369, 368
*
  4.6825000E+00, -1.7925000E+00, 4.4350000E-01, 0.0000000E+00
* ELEM  481  circle
 2, 370, 369
*
  4.6825000E+00, -1.7925000E+00, 4.3227000E-01, 0.0000000E+00
* ELEM  482  circle
 2, 371, 370
*
  4.6825000E+00, -1.7925000E+00, 3.9667800E-01, 0.0000000E+00
* ELEM  483  circle
 2, 372, 371
*
  4.6825000E+00, -1.7925000E+00, 3.1360200E-01, 0.0000000E+00
* ELEM  484  line segment
 1, 424, 373
*
  2.7400000E+00, -2.4400000E+00, 1.2950000E+00, 0.0000000E+00
* ELEM  485  line segment
 1, 380, 373
*
  2.7400000E+00, -1.1450000E+00, 0.0000000E+00, -1.2950000E+00
* ELEM  486  circle
 2, 374, 373
*
  3.3875000E+00, -1.7925000E+00, 5.1400000E-01, 0.0000000E+00
* ELEM  487  circle
 2, 375, 374
*
  3.3875000E+00, -1.7925000E+00, 4.5200000E-01, 0.0000000E+00
* ELEM  488  circle
 2, 376, 375
*
  3.3875000E+00, -1.7925000E+00, 4.4350000E-01, 0.0000000E+00
* ELEM  489  circle
 2, 377, 376
*
  3.3875000E+00, -1.7925000E+00, 4.3227000E-01, 0.0000000E+00
* ELEM  490  circle
 2, 378, 377
*
  3.3875000E+00, -1.7925000E+00, 3.9667800E-01, 0.0000000E+00
* ELEM  491  circle
 2, 379, 378
*
  3.3875000E+00, -1.7925000E+00, 3.1360200E-01, 0.0000000E+00
* ELEM  492  line segment
 1, 431, 380
*
  1.4450000E+00, -2.4400000E+00, 1.2950000E+00, 0.0000000E+00
* ELEM  493  circle
 2, 381, 380
*
  2.0925000E+00, -1.7925000E+00, 5.1400000E-01, 0.0000000E+00
* ELEM  494  circle
 2, 382, 381
*
  2.0925000E+00, -1.7925000E+00, 4.5200000E-01, 0.0000000E+00
* ELEM  495  circle
 2, 383, 382
*
  2.0925000E+00, -1.7925000E+00, 4.4350000E-01, 0.0000000E+00
* ELEM  496  circle
 2, 384, 383
*
  2.0925000E+00, -1.7925000E+00, 4.3227000E-01, 0.0000000E+00
* ELEM  497  circle
 2, 385, 384
*
  2.0925000E+00, -1.7925000E+00, 3.9667800E-01, 0.0000000E+00
* ELEM  498  circle
 2, 386, 385
*
  2.0925000E+00, -1.7925000E+00, 3.1360200E-01, 0.0000000E+00
* ELEM  499  line segment
 1, 461, 387
*
  -3.7350000E+00, -2.4400000E+00, 1.2950000E+00, 0.0000000E+00
* ELEM  500  line segment
 1, 394, 387
*
  -3.7350000E+00, -1.1450000E+00, 0.0000000E+00, -1.2950000E+00
* ELEM  501  circle
 2, 388, 387
*
  -3.0875000E+00, -1.7925000E+00, 5.1400000E-01, 0.0000000E+00
* ELEM  502  circle
 2, 389, 388
*
  -3.0875000E+00, -1.7925000E+00, 4.5200000E-01, 0.0000000E+00
* ELEM  503  circle
 2, 390, 389
*
  -3.0875000E+00, -1.7925000E+00, 4.4350000E-01, 0.0000000E+00
* ELEM  504  circle
 2, 391, 390
*
  -3.0875000E+00, -1.7925000E+00, 4.3227000E-01, 0.0000000E+00
* ELEM  505  circle
 2, 392, 391
*
  -3.0875000E+00, -1.7925000E+00, 3.9667800E-01, 0.0000000E+00
* ELEM  506  circle
 2, 393, 392
*
  -3.0875000E+00, -1.7925000E+00, 3.1360200E-01, 0.0000000E+00
* ELEM  507  line segment
 1, 468, 394
*
  -5.0300000E+00, -2.4400000E+00, 1.2950000E+00, 0.0000000E+00
* ELEM  508  line segment
 1, 401, 394
*
  -5.0300000E+00, -1.1450000E+00, 0.0000000E+00, -1.2950000E+00
* ELEM  509  circle
 2, 395, 394
*
  -4.3825000E+00, -1.7925000E+00, 5.1400000E-01, 0.0000000E+00
* ELEM  510  circle
 2, 396, 395
*
  -4.3825000E+00, -1.7925000E+00, 4.5200000E-01, 0.0000000E+00
* ELEM  511  circle
 2, 397, 396
*
  -4.3825000E+00, -1.7925000E+00, 4.4350000E-01, 0.0000000E+00
* ELEM  512  circle
 2, 398, 397
*
  -4.3825000E+00, -1.7925000E+00, 4.3227000E-01, 0.0000000E+00
* ELEM  513  circle
 2, 399, 398
*
  -4.3825000E+00, -1.7925000E+00, 3.9667800E-01, 0.0000000E+00
* ELEM  514  circle
 2, 400, 399
*
  -4.3825000E+00, -1.7925000E+00, 3.1360200E-01, 0.0000000E+00
* ELEM  515  line segment
 1, 475, 401
*
  -6.3250000E+00, -2.4400000E+00, 1.2950000E+00, 0.0000000E+00
* ELEM  516  line segment
 1, 410, 401
*
  -6.3250000E+00, -1.1450000E+00, 0.0000000E+00, -1.2950000E+00
* ELEM  517  circle
 2, 402, 401
*
  -5.6775000E+00, -1.7925000E+00, 5.1400000E-01, 0.0000000E+00
* ELEM  518  circle
 2, 403, 402
*
  -5.6775000E+00, -1.7925000E+00, 4.5200000E-01, 0.0000000E+00
* ELEM  519  circle
 2, 404, 403
*
  -5.6775000E+00, -1.7925000E+00, 4.4350000E-01, 0.0000000E+00
* ELEM  520  circle
 2, 405, 404
*
  -5.6775000E+00, -1.7925000E+00, 4.3227000E-01, 0.0000000E+00
* ELEM  521  circle
 2, 406, 405
*
  -5.6775000E+00, -1.7925000E+00, 3.9668000E-01, 0.0000000E+00
* ELEM  522  circle
 2, 407, 406
*
  -5.6775000E+00, -1.7925000E+00, 3.4353000E-01, 0.0000000E+00
* ELEM  523  circle
 2, 408, 407
*
  -5.6775000E+00, -1.7925000E+00, 2.8049000E-01, 0.0000000E+00
* ELEM  524  circle
 2, 409, 408
*
  -5.6775000E+00, -1.7925000E+00, 1.9834000E-01, 0.0000000E+00
* ELEM  525  line segment
 1, 482, 410
*
  -7.6200000E+00, -2.4400000E+00, 1.2950000E+00, 0.0000000E+00
* ELEM  526  line segment
 1, 0, 410
*
  -7.6200000E+00, -1.1450000E+00, 0.0000000E+00, -1.2950000E+00
* ELEM  527  circle
 2, 411, 410
*
  -6.9725000E+00, -1.7925000E+00, 5.1400000E-01, 0.0000000E+00
* ELEM  528  circle
 2, 412, 411
*
  -6.9725000E+00, -1.7925000E+00, 4.5200000E-01, 0.0000000E+00
* ELEM  529  circle
 2, 413, 412
*
  -6.9725000E+00, -1.7925000E+00, 4.4350000E-01, 0.0000000E+00
* ELEM  530  circle
 2, 414, 413
*
  -6.9725000E+00, -1.7925000E+00, 4.3227000E-01, 0.0000000E+00
* ELEM  531  circle
 2, 415, 414
*
  -6.9725000E+00, -1.7925000E+00, 3.9667800E-01, 0.0000000E+00
* ELEM  532  circle
 2, 416, 415
*
  -6.9725000E+00, -1.7925000E+00, 3.1360200E-01, 0.0000000E+00
* ELEM  533  line segment
 1, 489, 417
*
  4.0350000E+00, -3.7350000E+00, 1.2950000E+00, 0.0000000E+00
* ELEM  534  line segment
 1, 424, 417
*
  4.0350000E+00, -2.4400000E+00, 0.0000000E+00, -1.2950000E+00
* ELEM  535  line segment
 1, 0, 417
*
  5.3300000E+00, -3.7350000E+00, 0.0000000E+00, 1.2950000E+00
* ELEM  536  circle
 2, 418, 417
*
  4.6825000E+00, -3.0875000E+00, 5.1400000E-01, 0.0000000E+00
* ELEM  537  circle
 2, 419, 418
*
  4.6825000E+00, -3.0875000E+00, 4.5200000E-01, 0.0000000E+00
* ELEM  538  circle
 2, 420, 419
*
  4.6825000E+00, -3.0875000E+00, 4.4350000E-01, 0.0000000E+00
* ELEM  539  circle
 2, 421, 420
*
  4.6825000E+00, -3.0875000E+00, 4.3227000E-01, 0.0000000E+00
* ELEM  540  circle
 2, 422, 421
*
  4.6825000E+00, -3.0875000E+00, 3.9667800E-01, 0.0000000E+00
* ELEM  541  circle
 2, 423, 422
*
  4.6825000E+00, -3.0875000E+00, 3.1360200E-01, 0.0000000E+00
* ELEM  542  line segment
 1, 496, 424
*
  2.7400000E+00, -3.7350000E+00, 1.2950000E+00, 0.0000000E+00
* ELEM  543  line segment
 1, 431, 424
*
  2.7400000E+00, -2.4400000E+00, 0.0000000E+00, -1.2950000E+00
* ELEM  544  circle
 2, 425, 424
*
  3.3875000E+00, -3.0875000E+00, 5.1400000E-01, 0.0000000E+00
* ELEM  545  circle
 2, 426, 425
*
  3.3875000E+00, -3.0875000E+00, 4.5200000E-01, 0.0000000E+00
* ELEM  546  circle
 2, 427, 426
*
  3.3875000E+00, -3.0875000E+00, 4.4350000E-01, 0.0000000E+00
* ELEM  547  circle
 2, 428, 427
*
  3.3875000E+00, -3.0875000E+00, 4.3227000E-01, 0.0000000E+00
* ELEM  548  circle
 2, 429, 428
*
  3.3875000E+00, -3.0875000E+00, 3.9667800E-01, 0.0000000E+00
* ELEM  549  circle
 2, 430, 429
*
  3.3875000E+00, -3.0875000E+00, 3.1360200E-01, 0.0000000E+00
* ELEM  550  line segment
 1, 505, 431
*
  1.4450000E+00, -3.7350000E+00, 1.2950000E+00, 0.0000000E+00
* ELEM  551  line segment
 1, 438, 431
*
  1.4450000E+00, -2.4400000E+00, 0.0000000E+00, -1.2950000E+00
* ELEM  552  circle
 2, 432, 431
*
  2.0925000E+00, -3.0875000E+00, 5.1400000E-01, 0.0000000E+00
* ELEM  553  circle
 2, 433, 432
*
  2.0925000E+00, -3.0875000E+00, 4.5200000E-01, 0.0000000E+00
* ELEM  554  circle
 2, 434, 433
*
  2.0925000E+00, -3.0875000E+00, 4.4350000E-01, 0.0000000E+00
* ELEM  555  circle
 2, 435, 434
*
  2.0925000E+00, -3.0875000E+00, 4.3227000E-01, 0.0000000E+00
* ELEM  556  circle
 2, 436, 435
*
  2.0925000E+00, -3.0875000E+00, 3.9667800E-01, 0.0000000E+00
* ELEM  557  circle
 2, 437, 436
*
  2.0925000E+00, -3.0875000E+00, 3.1360200E-01, 0.0000000E+00
* ELEM  558  line segment
 1, 512, 438
*
  1.5000000E-01, -3.7350000E+00, 1.2950000E+00, 0.0000000E+00
* ELEM  559  line segment
 1, 447, 438
*
  1.5000000E-01, -2.4400000E+00, 0.0000000E+00, -1.2950000E+00
* ELEM  560  circle
 2, 439, 438
*
  7.9750000E-01, -3.0875000E+00, 5.1400000E-01, 0.0000000E+00
* ELEM  561  circle
 2, 440, 439
*
  7.9750000E-01, -3.0875000E+00, 4.5200000E-01, 0.0000000E+00
* ELEM  562  circle
 2, 441, 440
*
  7.9750000E-01, -3.0875000E+00, 4.4350000E-01, 0.0000000E+00
* ELEM  563  circle
 2, 442, 441
*
  7.9750000E-01, -3.0875000E+00, 4.3227000E-01, 0.0000000E+00
* ELEM  564  circle
 2, 443, 442
*
  7.9750000E-01, -3.0875000E+00, 3.9668000E-01, 0.0000000E+00
* ELEM  565  circle
 2, 444, 443
*
  7.9750000E-01, -3.0875000E+00, 3.4353000E-01, 0.0000000E+00
* ELEM  566  circle
 2, 445, 444
*
  7.9750000E-01, -3.0875000E+00, 2.8049000E-01, 0.0000000E+00
* ELEM  567  circle
 2, 446, 445
*
  7.9750000E-01, -3.0875000E+00, 1.9834000E-01, 0.0000000E+00
* ELEM  568  line segment
 1, 519, 447
*
  -1.1450000E+00, -3.7350000E+00, 1.2950000E+00, 0.0000000E+00
* ELEM  569  line segment
 1, 454, 447
*
  -1.1450000E+00, -2.4400000E+00, 0.0000000E+00, -1.2950000E+00
* ELEM  570  circle
 2, 448, 447
*
  -4.9750000E-01, -3.0875000E+00, 5.1400000E-01, 0.0000000E+00
* ELEM  571  circle
 2, 449, 448
*
  -4.9750000E-01, -3.0875000E+00, 4.5200000E-01, 0.0000000E+00
* ELEM  572  circle
 2, 450, 449
*
  -4.9750000E-01, -3.0875000E+00, 4.4350000E-01, 0.0000000E+00
* ELEM  573  circle
 2, 451, 450
*
  -4.9750000E-01, -3.0875000E+00, 4.3227000E-01, 0.0000000E+00
* ELEM  574  circle
 2, 452, 451
*
  -4.9750000E-01, -3.0875000E+00, 3.9667800E-01, 0.0000000E+00
* ELEM  575  circle
 2, 453, 452
*
  -4.9750000E-01, -3.0875000E+00, 3.1360200E-01, 0.0000000E+00
* ELEM  576  line segment
 1, 528, 454
*
  -2.4400000E+00, -3.7350000E+00, 1.2950000E+00, 0.0000000E+00
* ELEM  577  line segment
 1, 461, 454
*
  -2.4400000E+00, -2.4400000E+00, 0.0000000E+00, -1.2950000E+00
* ELEM  578  circle
 2, 455, 454
*
  -1.7925000E+00, -3.0875000E+00, 5.1400000E-01, 0.0000000E+00
* ELEM  579  circle
 2, 456, 455
*
  -1.7925000E+00, -3.0875000E+00, 4.5200000E-01, 0.0000000E+00
* ELEM  580  circle
 2, 457, 456
*
  -1.7925000E+00, -3.0875000E+00, 4.4350000E-01, 0.0000000E+00
* ELEM  581  circle
 2, 458, 457
*
  -1.7925000E+00, -3.0875000E+00, 4.3227000E-01, 0.0000000E+00
* ELEM  582  circle
 2, 459, 458
*
  -1.7925000E+00, -3.0875000E+00, 3.9667800E-01, 0.0000000E+00
* ELEM  583  circle
 2, 460, 459
*
  -1.7925000E+00, -3.0875000E+00, 3.1360200E-01, 0.0000000E+00
* ELEM  584  line segment
 1, 535, 461
*
  -3.7350000E+00, -3.7350000E+00, 1.2950000E+00, 0.0000000E+00
* ELEM  585  line segment
 1, 468, 461
*
  -3.7350000E+00, -2.4400000E+00, 0.0000000E+00, -1.2950000E+00
* ELEM  586  circle
 2, 462, 461
*
  -3.0875000E+00, -3.0875000E+00, 5.1400000E-01, 0.0000000E+00
* ELEM  587  circle
 2, 463, 462
*
  -3.0875000E+00, -3.0875000E+00, 4.5200000E-01, 0.0000000E+00
* ELEM  588  circle
 2, 464, 463
*
  -3.0875000E+00, -3.0875000E+00, 4.4350000E-01, 0.0000000E+00
* ELEM  589  circle
 2, 465, 464
*
  -3.0875000E+00, -3.0875000E+00, 4.3227000E-01, 0.0000000E+00
* ELEM  590  circle
 2, 466, 465
*
  -3.0875000E+00, -3.0875000E+00, 3.9667800E-01, 0.0000000E+00
* ELEM  591  circle
 2, 467, 466
*
  -3.0875000E+00, -3.0875000E+00, 3.1360200E-01, 0.0000000E+00
* ELEM  592  line segment
 1, 542, 468
*
  -5.0300000E+00, -3.7350000E+00, 1.2950000E+00, 0.0000000E+00
* ELEM  593  line segment
 1, 475, 468
*
  -5.0300000E+00, -2.4400000E+00, 0.0000000E+00, -1.2950000E+00
* ELEM  594  circle
 2, 469, 468
*
  -4.3825000E+00, -3.0875000E+00, 5.1400000E-01, 0.0000000E+00
* ELEM  595  circle
 2, 470, 469
*
  -4.3825000E+00, -3.0875000E+00, 4.5200000E-01, 0.0000000E+00
* ELEM  596  circle
 2, 471, 470
*
  -4.3825000E+00, -3.0875000E+00, 4.4350000E-01, 0.0000000E+00
* ELEM  597  circle
 2, 472, 471
*
  -4.3825000E+00, -3.0875000E+00, 4.3227000E-01, 0.0000000E+00
* ELEM  598  circle
 2, 473, 472
*
  -4.3825000E+00, -3.0875000E+00, 3.9667800E-01, 0.0000000E+00
* ELEM  599  circle
 2, 474, 473
*
  -4.3825000E+00, -3.0875000E+00, 3.1360200E-01, 0.0000000E+00
* ELEM  600  line segment
 1, 549, 475
*
  -6.3250000E+00, -3.7350000E+00, 1.2950000E+00, 0.0000000E+00
* ELEM  601  line segment
 1, 482, 475
*
  -6.3250000E+00, -2.4400000E+00, 0.0000000E+00, -1.2950000E+00
* ELEM  602  circle
 2, 476, 475
*
  -5.6775000E+00, -3.0875000E+00, 5.1400000E-01, 0.0000000E+00
* ELEM  603  circle
 2, 477, 476
*
  -5.6775000E+00, -3.0875000E+00, 4.5200000E-01, 0.0000000E+00
* ELEM  604  circle
 2, 478, 477
*
  -5.6775000E+00, -3.0875000E+00, 4.4350000E-01, 0.0000000E+00
* ELEM  605  circle
 2, 479, 478
*
  -5.6775000E+00, -3.0875000E+00, 4.3227000E-01, 0.0000000E+00
* ELEM  606  circle
 2, 480, 479
*
  -5.6775000E+00, -3.0875000E+00, 3.9667800E-01, 0.0000000E+00
* ELEM  607  circle
 2, 481, 480
*
  -5.6775000E+00, -3.0875000E+00, 3.1360200E-01, 0.0000000E+00
* ELEM  608  line segment
 1, 558, 482
*
  -7.6200000E+00, -3.7350000E+00, 1.2950000E+00, 0.0000000E+00
* ELEM  609  line segment
 1, 0, 482
*
  -7.6200000E+00, -2.4400000E+00, 0.0000000E+00, -1.2950000E+00
* ELEM  610  circle
 2, 483, 482
*
  -6.9725000E+00, -3.0875000E+00, 5.1400000E-01, 0.0000000E+00
* ELEM  611  circle
 2, 484, 483
*
  -6.9725000E+00, -3.0875000E+00, 4.5200000E-01, 0.0000000E+00
* ELEM  612  circle
 2, 485, 484
*
  -6.9725000E+00, -3.0875000E+00, 4.4350000E-01, 0.0000000E+00
* ELEM  613  circle
 2, 486, 485
*
  -6.9725000E+00, -3.0875000E+00, 4.3227000E-01, 0.0000000E+00
* ELEM  614  circle
 2, 487, 486
*
  -6.9725000E+00, -3.0875000E+00, 3.9667800E-01, 0.0000000E+00
* ELEM  615  circle
 2, 488, 487
*
  -6.9725000E+00, -3.0875000E+00, 3.1360200E-01, 0.0000000E+00
* ELEM  616  line segment
 1, 565, 489
*
  4.0350000E+00, -5.0300000E+00, 1.2950000E+00, 0.0000000E+00
* ELEM  617  line segment
 1, 496, 489
*
  4.0350000E+00, -3.7350000E+00, 0.0000000E+00, -1.2950000E+00
* ELEM  618  line segment
 1, 0, 489
*
  5.3300000E+00, -5.0300000E+00, 0.0000000E+00, 1.2950000E+00
* ELEM  619  circle
 2, 490, 489
*
  4.6825000E+00, -4.3825000E+00, 5.1400000E-01, 0.0000000E+00
* ELEM  620  circle
 2, 491, 490
*
  4.6825000E+00, -4.3825000E+00, 4.5200000E-01, 0.0000000E+00
* ELEM  621  circle
 2, 492, 491
*
  4.6825000E+00, -4.3825000E+00, 4.4350000E-01, 0.0000000E+00
* ELEM  622  circle
 2, 493, 492
*
  4.6825000E+00, -4.3825000E+00, 4.3227000E-01, 0.0000000E+00
* ELEM  623  circle
 2, 494, 493
*
  4.6825000E+00, -4.3825000E+00, 3.9667800E-01, 0.0000000E+00
* ELEM  624  circle
 2, 495, 494
*
  4.6825000E+00, -4.3825000E+00, 3.1360200E-01, 0.0000000E+00
* ELEM  625  line segment
 1, 572, 496
*
  2.7400000E+00, -5.0300000E+00, 1.2950000E+00, 0.0000000E+00
* ELEM  626  line segment
 1, 505, 496
*
  2.7400000E+00, -3.7350000E+00, 0.0000000E+00, -1.2950000E+00
* ELEM  627  circle
 2, 497, 496
*
  3.3875000E+00, -4.3825000E+00, 5.1400000E-01, 0.0000000E+00
* ELEM  628  circle
 2, 498, 497
*
  3.3875000E+00, -4.3825000E+00, 4.5200000E-01, 0.0000000E+00
* ELEM  629  circle
 2, 499, 498
*
  3.3875000E+00, -4.3825000E+00, 4.4350000E-01, 0.0000000E+00
* ELEM  630  circle
 2, 500, 499
*
  3.3875000E+00, -4.3825000E+00, 4.3227000E-01, 0.0000000E+00
* ELEM  631  circle
 2, 501, 500
*
  3.3875000E+00, -4.3825000E+00, 3.9668000E-01, 0.0000000E+00
* ELEM  632  circle
 2, 502, 501
*
  3.3875000E+00, -4.3825000E+00, 3.4353000E-01, 0.0000000E+00
* ELEM  633  circle
 2, 503, 502
*
  3.3875000E+00, -4.3825000E+00, 2.8049000E-01, 0.0000000E+00
* ELEM  634  circle
 2, 504, 503
*
  3.3875000E+00, -4.3825000E+00, 1.9834000E-01, 0.0000000E+00
* ELEM  635  line segment
 1, 579, 505
*
  1.4450000E+00, -5.0300000E+00, 1.2950000E+00, 0.0000000E+00
* ELEM  636  line segment
 1, 512, 505
*
  1.4450000E+00, -3.7350000E+00, 0.0000000E+00, -1.2950000E+00
* ELEM  637  circle
 2, 506, 505
*
  2.0925000E+00, -4.3825000E+00, 5.1400000E-01, 0.0000000E+00
* ELEM  638  circle
 2, 507, 506
*
  2.0925000E+00, -4.3825000E+00, 4.5200000E-01, 0.0000000E+00
* ELEM  639  circle
 2, 508, 507
*
  2.0925000E+00, -4.3825000E+00, 4.4350000E-01, 0.0000000E+00
* ELEM  640  circle
 2, 509, 508
*
  2.0925000E+00, -4.3825000E+00, 4.3227000E-01, 0.0000000E+00
* ELEM  641  circle
 2, 510, 509
*
  2.0925000E+00, -4.3825000E+00, 3.9667800E-01, 0.0000000E+00
* ELEM  642  circle
 2, 511, 510
*
  2.0925000E+00, -4.3825000E+00, 3.1360200E-01, 0.0000000E+00
* ELEM  643  line segment
 1, 588, 512
*
  1.5000000E-01, -5.0300000E+00, 1.2950000E+00, 0.0000000E+00
* ELEM  644  line segment
 1, 519, 512
*
  1.5000000E-01, -3.7350000E+00, 0.0000000E+00, -1.2950000E+00
* ELEM  645  circle
 2, 513, 512
*
  7.9750000E-01, -4.3825000E+00, 5.1400000E-01, 0.0000000E+00
* ELEM  646  circle
 2, 514, 513
*
  7.9750000E-01, -4.3825000E+00, 4.5200000E-01, 0.0000000E+00
* ELEM  647  circle
 2, 515, 514
*
  7.9750000E-01, -4.3825000E+00, 4.4350000E-01, 0.0000000E+00
* ELEM  648  circle
 2, 516, 515
*
  7.9750000E-01, -4.3825000E+00, 4.3227000E-01, 0.0000000E+00
* ELEM  649  circle
 2, 517, 516
*
  7.9750000E-01, -4.3825000E+00, 3.9667800E-01, 0.0000000E+00
* ELEM  650  circle
 2, 518, 517
*
  7.9750000E-01, -4.3825000E+00, 3.1360200E-01, 0.0000000E+00
* ELEM  651  line segment
 1, 595, 519
*
  -1.1450000E+00, -5.0300000E+00, 1.2950000E+00, 0.0000000E+00
* ELEM  652  line segment
 1, 528, 519
*
  -1.1450000E+00, -3.7350000E+00, 0.0000000E+00, -1.2950000E+00
* ELEM  653  circle
 2, 520, 519
*
  -4.9750000E-01, -4.3825000E+00, 5.1400000E-01, 0.0000000E+00
* ELEM  654  circle
 2, 521, 520
*
  -4.9750000E-01, -4.3825000E+00, 4.5200000E-01, 0.0000000E+00
* ELEM  655  circle
 2, 522, 521
*
  -4.9750000E-01, -4.3825000E+00, 4.4350000E-01, 0.0000000E+00
* ELEM  656  circle
 2, 523, 522
*
  -4.9750000E-01, -4.3825000E+00, 4.3227000E-01, 0.0000000E+00
* ELEM  657  circle
 2, 524, 523
*
  -4.9750000E-01, -4.3825000E+00, 3.9668000E-01, 0.0000000E+00
* ELEM  658  circle
 2, 525, 524
*
  -4.9750000E-01, -4.3825000E+00, 3.4353000E-01, 0.0000000E+00
* ELEM  659  circle
 2, 526, 525
*
  -4.9750000E-01, -4.3825000E+00, 2.8049000E-01, 0.0000000E+00
* ELEM  660  circle
 2, 527, 526
*
  -4.9750000E-01, -4.3825000E+00, 1.9834000E-01, 0.0000000E+00
* ELEM  661  line segment
 1, 602, 528
*
  -2.4400000E+00, -5.0300000E+00, 1.2950000E+00, 0.0000000E+00
* ELEM  662  line segment
 1, 535, 528
*
  -2.4400000E+00, -3.7350000E+00, 0.0000000E+00, -1.2950000E+00
* ELEM  663  circle
 2, 529, 528
*
  -1.7925000E+00, -4.3825000E+00, 5.1400000E-01, 0.0000000E+00
* ELEM  664  circle
 2, 530, 529
*
  -1.7925000E+00, -4.3825000E+00, 4.5200000E-01, 0.0000000E+00
* ELEM  665  circle
 2, 531, 530
*
  -1.7925000E+00, -4.3825000E+00, 4.4350000E-01, 0.0000000E+00
* ELEM  666  circle
 2, 532, 531
*
  -1.7925000E+00, -4.3825000E+00, 4.3227000E-01, 0.0000000E+00
* ELEM  667  circle
 2, 533, 532
*
  -1.7925000E+00, -4.3825000E+00, 3.9667800E-01, 0.0000000E+00
* ELEM  668  circle
 2, 534, 533
*
  -1.7925000E+00, -4.3825000E+00, 3.1360200E-01, 0.0000000E+00
* ELEM  669  line segment
 1, 611, 535
*
  -3.7350000E+00, -5.0300000E+00, 1.2950000E+00, 0.0000000E+00
* ELEM  670  line segment
 1, 542, 535
*
  -3.7350000E+00, -3.7350000E+00, 0.0000000E+00, -1.2950000E+00
* ELEM  671  circle
 2, 536, 535
*
  -3.0875000E+00, -4.3825000E+00, 5.1400000E-01, 0.0000000E+00
* ELEM  672  circle
 2, 537, 536
*
  -3.0875000E+00, -4.3825000E+00, 4.5200000E-01, 0.0000000E+00
* ELEM  673  circle
 2, 538, 537
*
  -3.0875000E+00, -4.3825000E+00, 4.4350000E-01, 0.0000000E+00
* ELEM  674  circle
 2, 539, 538
*
  -3.0875000E+00, -4.3825000E+00, 4.3227000E-01, 0.0000000E+00
* ELEM  675  circle
 2, 540, 539
*
  -3.0875000E+00, -4.3825000E+00, 3.9667800E-01, 0.0000000E+00
* ELEM  676  circle
 2, 541, 540
*
  -3.0875000E+00, -4.3825000E+00, 3.1360200E-01, 0.0000000E+00
* ELEM  677  line segment
 1, 618, 542
*
  -5.0300000E+00, -5.0300000E+00, 1.2950000E+00, 0.0000000E+00
* ELEM  678  line segment
 1, 549, 542
*
  -5.0300000E+00, -3.7350000E+00, 0.0000000E+00, -1.2950000E+00
* ELEM  679  circle
 2, 543, 542
*
  -4.3825000E+00, -4.3825000E+00, 5.1400000E-01, 0.0000000E+00
* ELEM  680  circle
 2, 544, 543
*
  -4.3825000E+00, -4.3825000E+00, 4.5200000E-01, 0.0000000E+00
* ELEM  681  circle
 2, 545, 544
*
  -4.3825000E+00, -4.3825000E+00, 4.4350000E-01, 0.0000000E+00
* ELEM  682  circle
 2, 546, 545
*
  -4.3825000E+00, -4.3825000E+00, 4.3227000E-01, 0.0000000E+00
* ELEM  683  circle
 2, 547, 546
*
  -4.3825000E+00, -4.3825000E+00, 3.9667800E-01, 0.0000000E+00
* ELEM  684  circle
 2, 548, 547
*
  -4.3825000E+00, -4.3825000E+00, 3.1360200E-01, 0.0000000E+00
* ELEM  685  line segment
 1, 627, 549
*
  -6.3250000E+00, -5.0300000E+00, 1.2950000E+00, 0.0000000E+00
* ELEM  686  line segment
 1, 558, 549
*
  -6.3250000E+00, -3.7350000E+00, 0.0000000E+00, -1.2950000E+00
* ELEM  687  circle
 2, 550, 549
*
  -5.6775000E+00, -4.3825000E+00, 5.1400000E-01, 0.0000000E+00
* ELEM  688  circle
 2, 551, 550
*
  -5.6775000E+00, -4.3825000E+00, 4.5200000E-01, 0.0000000E+00
* ELEM  689  circle
 2, 552, 551
*
  -5.6775000E+00, -4.3825000E+00, 4.4350000E-01, 0.0000000E+00
* ELEM  690  circle
 2, 553, 552
*
  -5.6775000E+00, -4.3825000E+00, 4.3227000E-01, 0.0000000E+00
* ELEM  691  circle
 2, 554, 553
*
  -5.6775000E+00, -4.3825000E+00, 3.9668000E-01, 0.0000000E+00
* ELEM  692  circle
 2, 555, 554
*
  -5.6775000E+00, -4.3825000E+00, 3.4353000E-01, 0.0000000E+00
* ELEM  693  circle
 2, 556, 555
*
  -5.6775000E+00, -4.3825000E+00, 2.8049000E-01, 0.0000000E+00
* ELEM  694  circle
 2, 557, 556
*
  -5.6775000E+00, -4.3825000E+00, 1.9834000E-01, 0.0000000E+00
* ELEM  695  line segment
 1, 634, 558
*
  -7.6200000E+00, -5.0300000E+00, 1.2950000E+00, 0.0000000E+00
* ELEM  696  line segment
 1, 0, 558
*
  -7.6200000E+00, -3.7350000E+00, 0.0000000E+00, -1.2950000E+00
* ELEM  697  circle
 2, 559, 558
*
  -6.9725000E+00, -4.3825000E+00, 5.1400000E-01, 0.0000000E+00
* ELEM  698  circle
 2, 560, 559
*
  -6.9725000E+00, -4.3825000E+00, 4.5200000E-01, 0.0000000E+00
* ELEM  699  circle
 2, 561, 560
*
  -6.9725000E+00, -4.3825000E+00, 4.4350000E-01, 0.0000000E+00
* ELEM  700  circle
 2, 562, 561
*
  -6.9725000E+00, -4.3825000E+00, 4.3227000E-01, 0.0000000E+00
* ELEM  701  circle
 2, 563, 562
*
  -6.9725000E+00, -4.3825000E+00, 3.9667800E-01, 0.0000000E+00
* ELEM  702  circle
 2, 564, 563
*
  -6.9725000E+00, -4.3825000E+00, 3.1360200E-01, 0.0000000E+00
* ELEM  703  line segment
 1, 641, 565
*
  4.0350000E+00, -6.3250000E+00, 1.2950000E+00, 0.0000000E+00
* ELEM  704  line segment
 1, 572, 565
*
  4.0350000E+00, -5.0300000E+00, 0.0000000E+00, -1.2950000E+00
* ELEM  705  line segment
 1, 0, 565
*
  5.3300000E+00, -6.3250000E+00, 0.0000000E+00, 1.2950000E+00
* ELEM  706  circle
 2, 566, 565
*
  4.6825000E+00, -5.6775000E+00, 5.1400000E-01, 0.0000000E+00
* ELEM  707  circle
 2, 567, 566
*
  4.6825000E+00, -5.6775000E+00, 4.5200000E-01, 0.0000000E+00
* ELEM  708  circle
 2, 568, 567
*
  4.6825000E+00, -5.6775000E+00, 4.4350000E-01, 0.0000000E+00
* ELEM  709  circle
 2, 569, 568
*
  4.6825000E+00, -5.6775000E+00, 4.3227000E-01, 0.0000000E+00
* ELEM  710  circle
 2, 570, 569
*
  4.6825000E+00, -5.6775000E+00, 3.9667800E-01, 0.0000000E+00
* ELEM  711  circle
 2, 571, 570
*
  4.6825000E+00, -5.6775000E+00, 3.1360200E-01, 0.0000000E+00
* ELEM  712  line segment
 1, 648, 572
*
  2.7400000E+00, -6.3250000E+00, 1.2950000E+00, 0.0000000E+00
* ELEM  713  line segment
 1, 579, 572
*
  2.7400000E+00, -5.0300000E+00, 0.0000000E+00, -1.2950000E+00
* ELEM  714  circle
 2, 573, 572
*
  3.3875000E+00, -5.6775000E+00, 5.1400000E-01, 0.0000000E+00
* ELEM  715  circle
 2, 574, 573
*
  3.3875000E+00, -5.6775000E+00, 4.5200000E-01, 0.0000000E+00
* ELEM  716  circle
 2, 575, 574
*
  3.3875000E+00, -5.6775000E+00, 4.4350000E-01, 0.0000000E+00
* ELEM  717  circle
 2, 576, 575
*
  3.3875000E+00, -5.6775000E+00, 4.3227000E-01, 0.0000000E+00
* ELEM  718  circle
 2, 577, 576
*
  3.3875000E+00, -5.6775000E+00, 3.9667800E-01, 0.0000000E+00
* ELEM  719  circle
 2, 578, 577
*
  3.3875000E+00, -5.6775000E+00, 3.1360200E-01, 0.0000000E+00
* ELEM  720  line segment
 1, 655, 579
*
  1.4450000E+00, -6.3250000E+00, 1.2950000E+00, 0.0000000E+00
* ELEM  721  line segment
 1, 588, 579
*
  1.4450000E+00, -5.0300000E+00, 0.0000000E+00, -1.2950000E+00
* ELEM  722  circle
 2, 580, 579
*
  2.0925000E+00, -5.6775000E+00, 5.1400000E-01, 0.0000000E+00
* ELEM  723  circle
 2, 581, 580
*
  2.0925000E+00, -5.6775000E+00, 4.5200000E-01, 0.0000000E+00
* ELEM  724  circle
 2, 582, 581
*
  2.0925000E+00, -5.6775000E+00, 4.4350000E-01, 0.0000000E+00
* ELEM  725  circle
 2, 583, 582
*
  2.0925000E+00, -5.6775000E+00, 4.3227000E-01, 0.0000000E+00
* ELEM  726  circle
 2, 584, 583
*
  2.0925000E+00, -5.6775000E+00, 3.9668000E-01, 0.0000000E+00
* ELEM  727  circle
 2, 585, 584
*
  2.0925000E+00, -5.6775000E+00, 3.4353000E-01, 0.0000000E+00
* ELEM  728  circle
 2, 586, 585
*
  2.0925000E+00, -5.6775000E+00, 2.8049000E-01, 0.0000000E+00
* ELEM  729  circle
 2, 587, 586
*
  2.0925000E+00, -5.6775000E+00, 1.9834000E-01, 0.0000000E+00
* ELEM  730  line segment
 1, 662, 588
*
  1.5000000E-01, -6.3250000E+00, 1.2950000E+00, 0.0000000E+00
* ELEM  731  line segment
 1, 595, 588
*
  1.5000000E-01, -5.0300000E+00, 0.0000000E+00, -1.2950000E+00
* ELEM  732  circle
 2, 589, 588
*
  7.9750000E-01, -5.6775000E+00, 5.1400000E-01, 0.0000000E+00
* ELEM  733  circle
 2, 590, 589
*
  7.9750000E-01, -5.6775000E+00, 4.5200000E-01, 0.0000000E+00
* ELEM  734  circle
 2, 591, 590
*
  7.9750000E-01, -5.6775000E+00, 4.4350000E-01, 0.0000000E+00
* ELEM  735  circle
 2, 592, 591
*
  7.9750000E-01, -5.6775000E+00, 4.3227000E-01, 0.0000000E+00
* ELEM  736  circle
 2, 593, 592
*
  7.9750000E-01, -5.6775000E+00, 3.9667800E-01, 0.0000000E+00
* ELEM  737  circle
 2, 594, 593
*
  7.9750000E-01, -5.6775000E+00, 3.1360200E-01, 0.0000000E+00
* ELEM  738  line segment
 1, 669, 595
*
  -1.1450000E+00, -6.3250000E+00, 1.2950000E+00, 0.0000000E+00
* ELEM  739  line segment
 1, 602, 595
*
  -1.1450000E+00, -5.0300000E+00, 0.0000000E+00, -1.2950000E+00
* ELEM  740  circle
 2, 596, 595
*
  -4.9750000E-01, -5.6775000E+00, 5.1400000E-01, 0.0000000E+00
* ELEM  741  circle
 2, 597, 596
*
  -4.9750000E-01, -5.6775000E+00, 4.5200000E-01, 0.0000000E+00
* ELEM  742  circle
 2, 598, 597
*
  -4.9750000E-01, -5.6775000E+00, 4.4350000E-01, 0.0000000E+00
* ELEM  743  circle
 2, 599, 598
*
  -4.9750000E-01, -5.6775000E+00, 4.3227000E-01, 0.0000000E+00
* ELEM  744  circle
 2, 600, 599
*
  -4.9750000E-01, -5.6775000E+00, 3.9667800E-01, 0.0000000E+00
* ELEM  745  circle
 2, 601, 600
*
  -4.9750000E-01, -5.6775000E+00, 3.1360200E-01, 0.0000000E+00
* ELEM  746  line segment
 1, 676, 602
*
  -2.4400000E+00, -6.3250000E+00, 1.2950000E+00, 0.0000000E+00
* ELEM  747  line segment
 1, 611, 602
*
  -2.4400000E+00, -5.0300000E+00, 0.0000000E+00, -1.2950000E+00
* ELEM  748  circle
 2, 603, 602
*
  -1.7925000E+00, -5.6775000E+00, 5.1400000E-01, 0.0000000E+00
* ELEM  749  circle
 2, 604, 603
*
  -1.7925000E+00, -5.6775000E+00, 4.5200000E-01, 0.0000000E+00
* ELEM  750  circle
 2, 605, 604
*
  -1.7925000E+00, -5.6775000E+00, 4.4350000E-01, 0.0000000E+00
* ELEM  751  circle
 2, 606, 605
*
  -1.7925000E+00, -5.6775000E+00, 4.3227000E-01, 0.0000000E+00
* ELEM  752  circle
 2, 607, 606
*
  -1.7925000E+00, -5.6775000E+00, 3.9668000E-01, 0.0000000E+00
* ELEM  753  circle
 2, 608, 607
*
  -1.7925000E+00, -5.6775000E+00, 3.4353000E-01, 0.0000000E+00
* ELEM  754  circle
 2, 609, 608
*
  -1.7925000E+00, -5.6775000E+00, 2.8049000E-01, 0.0000000E+00
* ELEM  755  circle
 2, 610, 609
*
  -1.7925000E+00, -5.6775000E+00, 1.9834000E-01, 0.0000000E+00
* ELEM  756  line segment
 1, 683, 611
*
  -3.7350000E+00, -6.3250000E+00, 1.2950000E+00, 0.0000000E+00
* ELEM  757  line segment
 1, 618, 611
*
  -3.7350000E+00, -5.0300000E+00, 0.0000000E+00, -1.2950000E+00
* ELEM  758  circle
 2, 612, 611
*
  -3.0875000E+00, -5.6775000E+00, 5.1400000E-01, 0.0000000E+00
* ELEM  759  circle
 2, 613, 612
*
  -3.0875000E+00, -5.6775000E+00, 4.5200000E-01, 0.0000000E+00
* ELEM  760  circle
 2, 614, 613
*
  -3.0875000E+00, -5.6775000E+00, 4.4350000E-01, 0.0000000E+00
* ELEM  761  circle
 2, 615, 614
*
  -3.0875000E+00, -5.6775000E+00, 4.3227000E-01, 0.0000000E+00
* ELEM  762  circle
 2, 616, 615
*
  -3.0875000E+00, -5.6775000E+00, 3.9667800E-01, 0.0000000E+00
* ELEM  763  circle
 2, 617, 616
*
  -3.0875000E+00, -5.6775000E+00, 3.1360200E-01, 0.0000000E+00
* ELEM  764  line segment
 1, 690, 618
*
  -5.0300000E+00, -6.3250000E+00, 1.2950000E+00, 0.0000000E+00
* ELEM  765  line segment
 1, 627, 618
*
  -5.0300000E+00, -5.0300000E+00, 0.0000000E+00, -1.2950000E+00
* ELEM  766  circle
 2, 619, 618
*
  -4.3825000E+00, -5.6775000E+00, 5.1400000E-01, 0.0000000E+00
* ELEM  767  circle
 2, 620, 619
*
  -4.3825000E+00, -5.6775000E+00, 4.5200000E-01, 0.0000000E+00
* ELEM  768  circle
 2, 621, 620
*
  -4.3825000E+00, -5.6775000E+00, 4.4350000E-01, 0.0000000E+00
* ELEM  769  circle
 2, 622, 621
*
  -4.3825000E+00, -5.6775000E+00, 4.3227000E-01, 0.0000000E+00
* ELEM  770  circle
 2, 623, 622
*
  -4.3825000E+00, -5.6775000E+00, 3.9668000E-01, 0.0000000E+00
* ELEM  771  circle
 2, 624, 623
*
  -4.3825000E+00, -5.6775000E+00, 3.4353000E-01, 0.0000000E+00
* ELEM  772  circle
 2, 625, 624
*
  -4.3825000E+00, -5.6775000E+00, 2.8049000E-01, 0.0000000E+00
* ELEM  773  circle
 2, 626, 625
*
  -4.3825000E+00, -5.6775000E+00, 1.9834000E-01, 0.0000000E+00
* ELEM  774  line segment
 1, 697, 627
*
  -6.3250000E+00, -6.3250000E+00, 1.2950000E+00, 0.0000000E+00
* ELEM  775  line segment
 1, 634, 627
*
  -6.3250000E+00, -5.0300000E+00, 0.0000000E+00, -1.2950000E+00
* ELEM  776  circle
 2, 628, 627
*
  -5.6775000E+00, -5.6775000E+00, 5.1400000E-01, 0.0000000E+00
* ELEM  777  circle
 2, 629, 628
*
  -5.6775000E+00, -5.6775000E+00, 4.5200000E-01, 0.0000000E+00
* ELEM  778  circle
 2, 630, 629
*
  -5.6775000E+00, -5.6775000E+00, 4.4350000E-01, 0.0000000E+00
* ELEM  779  circle
 2, 631, 630
*
  -5.6775000E+00, -5.6775000E+00, 4.3227000E-01, 0.0000000E+00
* ELEM  780  circle
 2, 632, 631
*
  -5.6775000E+00, -5.6775000E+00, 3.9667800E-01, 0.0000000E+00
* ELEM  781  circle
 2, 633, 632
*
  -5.6775000E+00, -5.6775000E+00, 3.1360200E-01, 0.0000000E+00
* ELEM  782  line segment
 1, 704, 634
*
  -7.6200000E+00, -6.3250000E+00, 1.2950000E+00, 0.0000000E+00
* ELEM  783  line segment
 1, 0, 634
*
  -7.6200000E+00, -5.0300000E+00, 0.0000000E+00, -1.2950000E+00
* ELEM  784  circle
 2, 635, 634
*
  -6.9725000E+00, -5.6775000E+00, 5.1400000E-01, 0.0000000E+00
* ELEM  785  circle
 2, 636, 635
*
  -6.9725000E+00, -5.6775000E+00, 4.5200000E-01, 0.0000000E+00
* ELEM  786  circle
 2, 637, 636
*
  -6.9725000E+00, -5.6775000E+00, 4.4350000E-01, 0.0000000E+00
* ELEM  787  circle
 2, 638, 637
*
  -6.9725000E+00, -5.6775000E+00, 4.3227000E-01, 0.0000000E+00
* ELEM  788  circle
 2, 639, 638
*
  -6.9725000E+00, -5.6775000E+00, 3.9667800E-01, 0.0000000E+00
* ELEM  789  circle
 2, 640, 639
*
  -6.9725000E+00, -5.6775000E+00, 3.1360200E-01, 0.0000000E+00
* ELEM  790  line segment
 1, 0, 641
*
  4.0350000E+00, -7.6200000E+00, 1.2950000E+00, 0.0000000E+00
* ELEM  791  line segment
 1, 648, 641
*
  4.0350000E+00, -6.3250000E+00, 0.0000000E+00, -1.2950000E+00
* ELEM  792  line segment
 1, 0, 641
*
  5.3300000E+00, -7.6200000E+00, 0.0000000E+00, 1.2950000E+00
* ELEM  793  circle
 2, 642, 641
*
  4.6825000E+00, -6.9725000E+00, 5.1400000E-01, 0.0000000E+00
* ELEM  794  circle
 2, 643, 642
*
  4.6825000E+00, -6.9725000E+00, 4.5200000E-01, 0.0000000E+00
* ELEM  795  circle
 2, 644, 643
*
  4.6825000E+00, -6.9725000E+00, 4.4350000E-01, 0.0000000E+00
* ELEM  796  circle
 2, 645, 644
*
  4.6825000E+00, -6.9725000E+00, 4.3227000E-01, 0.0000000E+00
* ELEM  797  circle
 2, 646, 645
*
  4.6825000E+00, -6.9725000E+00, 3.9667800E-01, 0.0000000E+00
* ELEM  798  circle
 2, 647, 646
*
  4.6825000E+00, -6.9725000E+00, 3.1360200E-01, 0.0000000E+00
* ELEM  799  line segment
 1, 0, 648
*
  2.7400000E+00, -7.6200000E+00, 1.2950000E+00, 0.0000000E+00
* ELEM  800  line segment
 1, 655, 648
*
  2.7400000E+00, -6.3250000E+00, 0.0000000E+00, -1.2950000E+00
* ELEM  801  circle
 2, 649, 648
*
  3.3875000E+00, -6.9725000E+00, 5.1400000E-01, 0.0000000E+00
* ELEM  802  circle
 2, 650, 649
*
  3.3875000E+00, -6.9725000E+00, 4.5200000E-01, 0.0000000E+00
* ELEM  803  circle
 2, 651, 650
*
  3.3875000E+00, -6.9725000E+00, 4.4350000E-01, 0.0000000E+00
* ELEM  804  circle
 2, 652, 651
*
  3.3875000E+00, -6.9725000E+00, 4.3227000E-01, 0.0000000E+00
* ELEM  805  circle
 2, 653, 652
*
  3.3875000E+00, -6.9725000E+00, 3.9667800E-01, 0.0000000E+00
* ELEM  806  circle
 2, 654, 653
*
  3.3875000E+00, -6.9725000E+00, 3.1360200E-01, 0.0000000E+00
* ELEM  807  line segment
 1, 0, 655
*
  1.4450000E+00, -7.6200000E+00, 1.2950000E+00, 0.0000000E+00
* ELEM  808  line segment
 1, 662, 655
*
  1.4450000E+00, -6.3250000E+00, 0.0000000E+00, -1.2950000E+00
* ELEM  809  circle
 2, 656, 655
*
  2.0925000E+00, -6.9725000E+00, 5.1400000E-01, 0.0000000E+00
* ELEM  810  circle
 2, 657, 656
*
  2.0925000E+00, -6.9725000E+00, 4.5200000E-01, 0.0000000E+00
* ELEM  811  circle
 2, 658, 657
*
  2.0925000E+00, -6.9725000E+00, 4.4350000E-01, 0.0000000E+00
* ELEM  812  circle
 2, 659, 658
*
  2.0925000E+00, -6.9725000E+00, 4.3227000E-01, 0.0000000E+00
* ELEM  813  circle
 2, 660, 659
*
  2.0925000E+00, -6.9725000E+00, 3.9667800E-01, 0.0000000E+00
* ELEM  814  circle
 2, 661, 660
*
  2.0925000E+00, -6.9725000E+00, 3.1360200E-01, 0.0000000E+00
* ELEM  815  line segment
 1, 0, 662
*
  1.5000000E-01, -7.6200000E+00, 1.2950000E+00, 0.0000000E+00
* ELEM  816  line segment
 1, 669, 662
*
  1.5000000E-01, -6.3250000E+00, 0.0000000E+00, -1.2950000E+00
* ELEM  817  circle
 2, 663, 662
*
  7.9750000E-01, -6.9725000E+00, 5.1400000E-01, 0.0000000E+00
* ELEM  818  circle
 2, 664, 663
*
  7.9750000E-01, -6.9725000E+00, 4.5200000E-01, 0.0000000E+00
* ELEM  819  circle
 2, 665, 664
*
  7.9750000E-01, -6.9725000E+00, 4.4350000E-01, 0.0000000E+00
* ELEM  820  circle
 2, 666, 665
*
  7.9750000E-01, -6.9725000E+00, 4.3227000E-01, 0.0000000E+00
* ELEM  821  circle
 2, 667, 666
*
  7.9750000E-01, -6.9725000E+00, 3.9667800E-01, 0.0000000E+00
* ELEM  822  circle
 2, 668, 667
*
  7.9750000E-01, -6.9725000E+00, 3.1360200E-01, 0.0000000E+00
* ELEM  823  line segment
 1, 0, 669
*
  -1.1450000E+00, -7.6200000E+00, 1.2950000E+00, 0.0000000E+00
* ELEM  824  line segment
 1, 676, 669
*
  -1.1450000E+00, -6.3250000E+00, 0.0000000E+00, -1.2950000E+00
* ELEM  825  circle
 2, 670, 669
*
  -4.9750000E-01, -6.9725000E+00, 5.1400000E-01, 0.0000000E+00
* ELEM  826  circle
 2, 671, 670
*
  -4.9750000E-01, -6.9725000E+00, 4.5200000E-01, 0.0000000E+00
* ELEM  827  circle
 2, 672, 671
*
  -4.9750000E-01, -6.9725000E+00, 4.4350000E-01, 0.0000000E+00
* ELEM  828  circle
 2, 673, 672
*
  -4.9750000E-01, -6.9725000E+00, 4.3227000E-01, 0.0000000E+00
* ELEM  829  circle
 2, 674, 673
*
  -4.9750000E-01, -6.9725000E+00, 3.9667800E-01, 0.0000000E+00
* ELEM  830  circle
 2, 675, 674
*
  -4.9750000E-01, -6.9725000E+00, 3.1360200E-01, 0.0000000E+00
* ELEM  831  line segment
 1, 0, 676
*
  -2.4400000E+00, -7.6200000E+00, 1.2950000E+00, 0.0000000E+00
* ELEM  832  line segment
 1, 683, 676
*
  -2.4400000E+00, -6.3250000E+00, 0.0000000E+00, -1.2950000E+00
* ELEM  833  circle
 2, 677, 676
*
  -1.7925000E+00, -6.9725000E+00, 5.1400000E-01, 0.0000000E+00
* ELEM  834  circle
 2, 678, 677
*
  -1.7925000E+00, -6.9725000E+00, 4.5200000E-01, 0.0000000E+00
* ELEM  835  circle
 2, 679, 678
*
  -1.7925000E+00, -6.9725000E+00, 4.4350000E-01, 0.0000000E+00
* ELEM  836  circle
 2, 680, 679
*
  -1.7925000E+00, -6.9725000E+00, 4.3227000E-01, 0.0000000E+00
* ELEM  837  circle
 2, 681, 680
*
  -1.7925000E+00, -6.9725000E+00, 3.9667800E-01, 0.0000000E+00
* ELEM  838  circle
 2, 682, 681
*
  -1.7925000E+00, -6.9725000E+00, 3.1360200E-01, 0.0000000E+00
* ELEM  839  line segment
 1, 0, 683
*
  -3.7350000E+00, -7.6200000E+00, 1.2950000E+00, 0.0000000E+00
* ELEM  840  line segment
 1, 690, 683
*
  -3.7350000E+00, -6.3250000E+00, 0.0000000E+00, -1.2950000E+00
* ELEM  841  circle
 2, 684, 683
*
  -3.0875000E+00, -6.9725000E+00, 5.1400000E-01, 0.0000000E+00
* ELEM  842  circle
 2, 685, 684
*
  -3.0875000E+00, -6.9725000E+00, 4.5200000E-01, 0.0000000E+00
* ELEM  843  circle
 2, 686, 685
*
  -3.0875000E+00, -6.9725000E+00, 4.4350000E-01, 0.0000000E+00
* ELEM  844  circle
 2, 687, 686
*
  -3.0875000E+00, -6.9725000E+00, 4.3227000E-01, 0.0000000E+00
* ELEM  845  circle
 2, 688, 687
*
  -3.0875000E+00, -6.9725000E+00, 3.9667800E-01, 0.0000000E+00
* ELEM  846  circle
 2, 689, 688
*
  -3.0875000E+00, -6.9725000E+00, 3.1360200E-01, 0.0000000E+00
* ELEM  847  line segment
 1, 0, 690
*
  -5.0300000E+00, -7.6200000E+00, 1.2950000E+00, 0.0000000E+00
* ELEM  848  line segment
 1, 697, 690
*
  -5.0300000E+00, -6.3250000E+00, 0.0000000E+00, -1.2950000E+00
* ELEM  849  circle
 2, 691, 690
*
  -4.3825000E+00, -6.9725000E+00, 5.1400000E-01, 0.0000000E+00
* ELEM  850  circle
 2, 692, 691
*
  -4.3825000E+00, -6.9725000E+00, 4.5200000E-01, 0.0000000E+00
* ELEM  851  circle
 2, 693, 692
*
  -4.3825000E+00, -6.9725000E+00, 4.4350000E-01, 0.0000000E+00
* ELEM  852  circle
 2, 694, 693
*
  -4.3825000E+00, -6.9725000E+00, 4.3227000E-01, 0.0000000E+00
* ELEM  853  circle
 2, 695, 694
*
  -4.3825000E+00, -6.9725000E+00, 3.9667800E-01, 0.0000000E+00
* ELEM  854  circle
 2, 696, 695
*
  -4.3825000E+00, -6.9725000E+00, 3.1360200E-01, 0.0000000E+00
* ELEM  855  line segment
 1, 0, 697
*
  -6.3250000E+00, -7.6200000E+00, 1.2950000E+00, 0.0000000E+00
* ELEM  856  line segment
 1, 704, 697
*
  -6.3250000E+00, -6.3250000E+00, 0.0000000E+00, -1.2950000E+00
* ELEM  857  circle
 2, 698, 697
*
  -5.6775000E+00, -6.9725000E+00, 5.1400000E-01, 0.0000000E+00
* ELEM  858  circle
 2, 699, 698
*
  -5.6775000E+00, -6.9725000E+00, 4.5200000E-01, 0.0000000E+00
* ELEM  859  circle
 2, 700, 699
*
  -5.6775000E+00, -6.9725000E+00, 4.4350000E-01, 0.0000000E+00
* ELEM  860  circle
 2, 701, 700
*
  -5.6775000E+00, -6.9725000E+00, 4.3227000E-01, 0.0000000E+00
* ELEM  861  circle
 2, 702, 701
*
  -5.6775000E+00, -6.9725000E+00, 3.9667800E-01, 0.0000000E+00
* ELEM  862  circle
 2, 703, 702
*
  -5.6775000E+00, -6.9725000E+00, 3.1360200E-01, 0.0000000E+00
* ELEM  863  line segment
 1, 0, 704
*
  -7.6200000E+00, -7.6200000E+00, 1.2950000E+00, 0.0000000E+00
* ELEM  864  line segment
 1, 0, 704
*
  -7.6200000E+00, -6.3250000E+00, 0.0000000E+00, -1.2950000E+00
* ELEM  865  circle
 2, 705, 704
*
  -6.9725000E+00, -6.9725000E+00, 5.1400000E-01, 0.0000000E+00
* ELEM  866  circle
 2, 706, 705
*
  -6.9725000E+00, -6.9725000E+00, 4.5200000E-01, 0.0000000E+00
* ELEM  867  circle
 2, 707, 706
*
  -6.9725000E+00, -6.9725000E+00, 4.4350000E-01, 0.0000000E+00
* ELEM  868  circle
 2, 708, 707
*
  -6.9725000E+00, -6.9725000E+00, 4.3227000E-01, 0.0000000E+00
* ELEM  869  circle
 2, 709, 708
*
  -6.9725000E+00, -6.9725000E+00, 3.9667800E-01, 0.0000000E+00
* ELEM  870  circle
 2, 710, 709
*
  -6.9725000E+00, -6.9725000E+00, 3.1360200E-01, 0.0000000E+00
* boundaries conditions: defaul nbbcda allsur
  0, 0, 0
* albedo
  1.0
#  1 - COOLANT
#  2 - MODERATOR_BOX
#  3 - MODERATOR
#  4 - CLAD
#  5 - GAP
#  6 - 24UOX
#  7 - 32UOX
#  8 - 42UOX
#  9 - 45UOX
# 10 - 42Gd
# 11 - 45Gd
# 12 - 50UOX
# 13 - 48UOX
* medium number per region
  1
  1
  1
  1
  1
  1
  1
  1
  1
  1
  1
  1
  1
  1
  1
  1
  2
  2
  2
  2
  2
  2
  2
  2
  2
  2
  2
  2
  2
  2
  2
  2
  3
  3
  3
  3
  3
  3
  3
  3
  3
  1
  4
  5
  6
  6
  6
  6
  1
  4
  5
  7
  7
  7
  7
  1
  4
  5
  8
  8
  8
  8
  1
  4
  5
  9
  9
  9
  9
  1
  4
  5
  9
  9
  9
  9
  1
  4
  5
  9
  9
  9
  9
  1
  4
  5
  9
  9
  9
  9
  1
  4
  5
  8
  8
  8
  8
  1
  4
  5
  7
  7
  7
  7
  1
  4
  5
  6
  6
  6
  6
  1
  4
  5
  7
  7
  7
  7
  1
  4
  5
  9
  9
  9
  9
  1
  4
  5
  10
  10
  10
  10
  10
  10
  1
  4
  5
  9
  9
  9
  9
  1
  4
  5
  11
  11
  11
  11
  11
  11
  1
  4
  5
  12
  12
  12
  12
  1
  4
  5
  13
  13
  13
  13
  1
  4
  5
  11
  11
  11
  11
  11
  11
  1
  4
  5
  9
  9
  9
  9
  1
  4
  5
  7
  7
  7
  7
  1
  4
  5
  8
  8
  8
  8
  1
  4
  5
  10
  10
  10
  10
  10
  10
  1
  4
  5
  9
  9
  9
  9
  1
  4
  5
  9
  9
  9
  9
  1
  4
  5
  8
  8
  8
  8
  1
  4
  5
  9
  9
  9
  9
  1
  4
  5
  12
  12
  12
  12
  1
  4
  5
  12
  12
  12
  12
  1
  4
  5
  11
  11
  11
  11
  11
  11
  1
  4
  5
  8
  8
  8
  8
  1
  4
  5
  9
  9
  9
  9
  1
  4
  5
  9
  9
  9
  9
  1
  4
  5
  9
  9
  9
  9
  1
  4
  5
  11
  11
  11
  11
  11
  11
  1
  4
  5
  12
  12
  12
  12
  1
  4
  5
  12
  12
  12
  12
  1
  4
  5
  9
  9
  9
  9
  1
  4
  5
  9
  9
  9
  9
  1
  4
  5
  11
  11
  11
  11
  11
  11
  1
  4
  5
  8
  8
  8
  8
  1
  4
  5
  12
  12
  12
  12
  1
  4
  5
  11
  11
  11
  11
  11
  11
  1
  4
  5
  12
  12
  12
  12
  1
  4
  5
  13
  13
  13
  13
  1
  4
  5
  9
  9
  9
  9
  1
  4
  5
  12
  12
  12
  12
  1
  4
  5
  9
  9
  9
  9
  1
  4
  5
  12
  12
  12
  12
  1
  4
  5
  12
  12
  12
  12
  1
  4
  5
  11
  11
  11
  11
  11
  11
  1
  4
  5
  12
  12
  12
  12
  1
  4
  5
  9
  9
  9
  9
  1
  4
  5
  13
  13
  13
  13
  1
  4
  5
  12
  12
  12
  12
  1
  4
  5
  11
  11
  11
  11
  11
  11
  1
  4
  5
  12
  12
  12
  12
  1
  4
  5
  12
  12
  12
  12
  1
  4
  5
  12
  12
  12
  12
  1
  4
  5
  12
  12
  12
  12
  1
  4
  5
  12
  12
  12
  12
  1
  4
  5
  13
  13
  13
  13
  1
  4
  5
  8
  8
  8
  8
  1
  4
  5
  11
  11
  11
  11
  11
  11
  1
  4
  5
  12
  12
  12
  12
  1
  4
  5
  12
  12
  12
  12
  1
  4
  5
  11
  11
  11
  11
  11
  11
  1
  4
  5
  12
  12
  12
  12
  1
  4
  5
  12
  12
  12
  12
  1
  4
  5
  12
  12
  12
  12
  1
  4
  5
  11
  11
  11
  11
  11
  11
  1
  4
  5
  8
  8
  8
  8
  1
  4
  5
  7
  7
  7
  7
  1
  4
  5
  9
  9
  9
  9
  1
  4
  5
  11
  11
  11
  11
  11
  11
  1
  4
  5
  12
  12
  12
  12
  1
  4
  5
  12
  12
  12
  12
  1
  4
  5
  11
  11
  11
  11
  11
  11
  1
  4
  5
  12
  12
  12
  12
  1
  4
  5
  11
  11
  11
  11
  11
  11
  1
  4
  5
  9
  9
  9
  9
  1
  4
  5
  7
  7
  7
  7
  1
  4
  5
  6
  6
  6
  6
  1
  4
  5
  7
  7
  7
  7
  1
  4
  5
  8
  8
  8
  8
  1
  4
  5
  9
  9
  9
  9
  1
  4
  5
  13
  13
  13
  13
  1
  4
  5
  12
  12
  12
  12
  1
  4
  5
  13
  13
  13
  13
  1
  4
  5
  8
  8
  8
  8
  1
  4
  5
  7
  7
  7
  7
  1
  4
  5
  6
  6
  6
  6
------------------------------------------------------------
   this is the last line generated by conversion
