
	dat input file for DRAGON5
------------------------------------------------------------


* typge, nbfo, node, elem, macr, nreg,    z, mac2
      0,    0,   678,   798,   100,  678,     0,     1
* index  kindex
      0       0  1
*     eps    eps0
  1.000000E-05   1.000000E-05
*   flux region number per geometry region (mesh)
   1,   2,   3,   4,   5,   6,   7,   8,   9,  10,  11,  12,
  13,  14,  15,  16,  17,  18,  19,  20,  21,  22,  23,  24,
  25,  26,  27,  28,  29,  30,  31,  32,  33,  34,  35,  36,
  37,  38,  39,  40,  41,  42,  43,  44,  45,  46,  47,  48,
  49,  50,  51,  52,  53,  54,  55,  56,  57,  58,  59,  60,
  61,  62,  63,  64,  65,  66,  67,  68,  69,  70,  71,  72,
  73,  74,  75,  76,  77,  78,  79,  80,  81,  82,  83,  84,
  85,  86,  87,  88,  89,  90,  91,  92,  93,  94,  95,  96,
  97,  98,  99, 100, 101, 102, 103, 104, 105, 106, 107, 108,
 109, 110, 111, 112, 113, 114, 115, 116, 117, 118, 119, 120,
 121, 122, 123, 124, 125, 126, 127, 128, 129, 130, 131, 132,
 133, 134, 135, 136, 137, 138, 139, 140, 141, 142, 143, 144,
 145, 146, 147, 148, 149, 150, 151, 152, 153, 154, 155, 156,
 157, 158, 159, 160, 161, 162, 163, 164, 165, 166, 167, 168,
 169, 170, 171, 172, 173, 174, 175, 176, 177, 178, 179, 180,
 181, 182, 183, 184, 185, 186, 187, 188, 189, 190, 191, 192,
 193, 194, 195, 196, 197, 198, 199, 200, 201, 202, 203, 204,
 205, 206, 207, 208, 209, 210, 211, 212, 213, 214, 215, 216,
 217, 218, 219, 220, 221, 222, 223, 224, 225, 226, 227, 228,
 229, 230, 231, 232, 233, 234, 235, 236, 237, 238, 239, 240,
 241, 242, 243, 244, 245, 246, 247, 248, 249, 250, 251, 252,
 253, 254, 255, 256, 257, 258, 259, 260, 261, 262, 263, 264,
 265, 266, 267, 268, 269, 270, 271, 272, 273, 274, 275, 276,
 277, 278, 279, 280, 281, 282, 283, 284, 285, 286, 287, 288,
 289, 290, 291, 292, 293, 294, 295, 296, 297, 298, 299, 300,
 301, 302, 303, 304, 305, 306, 307, 308, 309, 310, 311, 312,
 313, 314, 315, 316, 317, 318, 319, 320, 321, 322, 323, 324,
 325, 326, 327, 328, 329, 330, 331, 332, 333, 334, 335, 336,
 337, 338, 339, 340, 341, 342, 343, 344, 345, 346, 347, 348,
 349, 350, 351, 352, 353, 354, 355, 356, 357, 358, 359, 360,
 361, 362, 363, 364, 365, 366, 367, 368, 369, 370, 371, 372,
 373, 374, 375, 376, 377, 378, 379, 380, 381, 382, 383, 384,
 385, 386, 387, 388, 389, 390, 391, 392, 393, 394, 395, 396,
 397, 398, 399, 400, 401, 402, 403, 404, 405, 406, 407, 408,
 409, 410, 411, 412, 413, 414, 415, 416, 417, 418, 419, 420,
 421, 422, 423, 424, 425, 426, 427, 428, 429, 430, 431, 432,
 433, 434, 435, 436, 437, 438, 439, 440, 441, 442, 443, 444,
 445, 446, 447, 448, 449, 450, 451, 452, 453, 454, 455, 456,
 457, 458, 459, 460, 461, 462, 463, 464, 465, 466, 467, 468,
 469, 470, 471, 472, 473, 474, 475, 476, 477, 478, 479, 480,
 481, 482, 483, 484, 485, 486, 487, 488, 489, 490, 491, 492,
 493, 494, 495, 496, 497, 498, 499, 500, 501, 502, 503, 504,
 505, 506, 507, 508, 509, 510, 511, 512, 513, 514, 515, 516,
 517, 518, 519, 520, 521, 522, 523, 524, 525, 526, 527, 528,
 529, 530, 531, 532, 533, 534, 535, 536, 537, 538, 539, 540,
 541, 542, 543, 544, 545, 546, 547, 548, 549, 550, 551, 552,
 553, 554, 555, 556, 557, 558, 559, 560, 561, 562, 563, 564,
 565, 566, 567, 568, 569, 570, 571, 572, 573, 574, 575, 576,
 577, 578, 579, 580, 581, 582, 583, 584, 585, 586, 587, 588,
 589, 590, 591, 592, 593, 594, 595, 596, 597, 598, 599, 600,
 601, 602, 603, 604, 605, 606, 607, 608, 609, 610, 611, 612,
 613, 614, 615, 616, 617, 618, 619, 620, 621, 622, 623, 624,
 625, 626, 627, 628, 629, 630, 631, 632, 633, 634, 635, 636,
 637, 638, 639, 640, 641, 642, 643, 644, 645, 646, 647, 648,
 649, 650, 651, 652, 653, 654, 655, 656, 657, 658, 659, 660,
 661, 662, 663, 664, 665, 666, 667, 668, 669, 670, 671, 672,
 673, 674, 675, 676, 677, 678
*   names of macros
 MACRO99 MACRO98 MACRO97 MACRO96
 MACRO95 MACRO94 MACRO93 MACRO92
 MACRO91 MACRO90 MACRO89 MACRO88
 MACRO87 MACRO86 MACRO85 MACRO84
 MACRO83 MACRO82 MACRO81 MACRO80
 MACRO79 MACRO78 MACRO77 MACRO76
 MACRO75 MACRO74 MACRO73 MACRO72
 MACRO71 MACRO70 MACRO69 MACRO68
 MACRO67 MACRO66 MACRO65 MACRO64
 MACRO63 MACRO62 MACRO61 MACRO60
 MACRO59 MACRO58 MACRO57 MACRO56
 MACRO55 MACRO54 MACRO53 MACRO52
 MACRO51 MACRO50 MACRO49 MACRO48
 MACRO47 MACRO46 MACRO45 MACRO44
 MACRO43 MACRO42 MACRO41 MACRO40
 MACRO39 MACRO38 MACRO37 MACRO36
 MACRO35 MACRO34 MACRO33 MACRO32
 MACRO31 MACRO30 MACRO29 MACRO28
 MACRO27 MACRO26 MACRO25 MACRO24
 MACRO23 MACRO22 MACRO21 MACRO20
 MACRO19 MACRO18 MACRO17 MACRO16
 MACRO15 MACRO14 MACRO13 MACRO12
 MACRO11 MACRO10 MACRO09 MACRO08
 MACRO07 MACRO06 MACRO05 MACRO04
 MACRO03 MACRO02 MACRO01 MACRO00
*   macro order number per flux region
  1,  1,  1,  1,  1,  1,  1,  2,  2,  2,  2,  2,
  2,  2,  3,  3,  3,  3,  3,  3,  3,  4,  4,  4,
  4,  4,  4,  4,  5,  5,  5,  5,  5,  5,  5,  6,
  6,  6,  6,  6,  6,  6,  7,  7,  7,  7,  7,  7,
  7,  8,  8,  8,  8,  8,  8,  8,  9,  9,  9,  9,
  9,  9,  9, 10, 10, 10, 10, 10, 10, 10, 11, 11,
 11, 11, 11, 11, 11, 12, 12, 12, 12, 12, 12, 12,
 13, 13, 13, 13, 13, 13, 13, 13, 13, 14, 14, 14,
 14, 14, 14, 14, 15, 15, 15, 15, 15, 15, 15, 15,
 15, 16, 16, 16, 16, 16, 16, 16, 17, 17, 17, 17,
 17, 17, 17, 18, 18, 18, 18, 18, 18, 18, 18, 18,
 19, 19, 19, 19, 19, 19, 19, 20, 20, 20, 20, 20,
 20, 20, 21, 21, 21, 21, 21, 21, 21, 22, 22, 22,
 22, 22, 22, 22, 22, 22, 23, 23, 23, 23, 23, 23,
 23, 24, 24, 24, 24, 24, 24, 24, 25, 25, 25, 25,
 25, 25, 25, 26, 26, 26, 26, 26, 26, 26, 27, 27,
 27, 27, 27, 27, 27, 28, 28, 28, 28, 28, 28, 28,
 29, 29, 29, 29, 29, 29, 29, 29, 29, 30, 30, 30,
 30, 30, 30, 30, 31, 31, 31, 31, 31, 31, 31, 32,
 32, 32, 32, 32, 32, 32, 33, 33, 33, 33, 33, 33,
 33, 34, 35, 36, 37, 37, 37, 37, 37, 37, 37, 37,
 37, 38, 38, 38, 38, 38, 38, 38, 39, 39, 39, 39,
 39, 39, 39, 40, 40, 40, 40, 40, 40, 40, 41, 41,
 41, 41, 41, 41, 41, 42, 42, 42, 42, 42, 42, 42,
 42, 42, 43, 43, 43, 43, 43, 43, 43, 44, 45, 46,
 47, 47, 47, 47, 47, 47, 47, 48, 48, 48, 48, 48,
 48, 48, 48, 48, 49, 49, 49, 49, 49, 49, 49, 50,
 50, 50, 50, 50, 50, 50, 51, 51, 51, 51, 51, 51,
 51, 52, 52, 52, 52, 52, 52, 52, 53, 53, 53, 53,
 53, 53, 53, 54, 55, 56, 57, 57, 57, 57, 57, 57,
 57, 58, 58, 58, 58, 58, 58, 58, 59, 59, 59, 59,
 59, 59, 59, 59, 59, 60, 60, 60, 60, 60, 60, 60,
 61, 61, 61, 61, 61, 61, 61, 62, 62, 62, 62, 62,
 62, 62, 63, 63, 63, 63, 63, 63, 63, 64, 64, 64,
 64, 64, 64, 64, 64, 64, 65, 65, 65, 65, 65, 65,
 65, 66, 66, 66, 66, 66, 66, 66, 67, 67, 67, 67,
 67, 67, 67, 68, 68, 68, 68, 68, 68, 68, 69, 69,
 69, 69, 69, 69, 69, 70, 70, 70, 70, 70, 70, 70,
 71, 71, 71, 71, 71, 71, 71, 72, 72, 72, 72, 72,
 72, 72, 72, 72, 73, 73, 73, 73, 73, 73, 73, 74,
 74, 74, 74, 74, 74, 74, 75, 75, 75, 75, 75, 75,
 75, 75, 75, 76, 76, 76, 76, 76, 76, 76, 77, 77,
 77, 77, 77, 77, 77, 78, 78, 78, 78, 78, 78, 78,
 79, 79, 79, 79, 79, 79, 79, 79, 79, 80, 80, 80,
 80, 80, 80, 80, 81, 81, 81, 81, 81, 81, 81, 82,
 82, 82, 82, 82, 82, 82, 83, 83, 83, 83, 83, 83,
 83, 83, 83, 84, 84, 84, 84, 84, 84, 84, 85, 85,
 85, 85, 85, 85, 85, 86, 86, 86, 86, 86, 86, 86,
 86, 86, 87, 87, 87, 87, 87, 87, 87, 88, 88, 88,
 88, 88, 88, 88, 88, 88, 89, 89, 89, 89, 89, 89,
 89, 90, 90, 90, 90, 90, 90, 90, 91, 91, 91, 91,
 91, 91, 91, 92, 92, 92, 92, 92, 92, 92, 93, 93,
 93, 93, 93, 93, 93, 94, 94, 94, 94, 94, 94, 94,
 95, 95, 95, 95, 95, 95, 95, 96, 96, 96, 96, 96,
 96, 96, 97, 97, 97, 97, 97, 97, 97, 98, 98, 98,
 98, 98, 98, 98, 99, 99, 99, 99, 99, 99, 99, 100,
 100, 100, 100, 100, 100, 100
   elements
* ELEM  1  line segment
 1, 71, 1
*
  1.1655000E+01, 1.1655000E+01, 1.2950000E+00, 0.0000000E+00
* ELEM  2  line segment
 1, 8, 1
*
  1.1655000E+01, 1.2950000E+01, 0.0000000E+00, -1.2950000E+00
* ELEM  3  line segment
 1, 0, 1
*
  1.2950000E+01, 1.1655000E+01, 0.0000000E+00, 1.2950000E+00
* ELEM  4  line segment
 1, 0, 1
*
  1.2950000E+01, 1.2950000E+01, -1.2950000E+00, 0.0000000E+00
* ELEM  5  circle
 2, 2, 1
*
  1.2302500E+01, 1.2302500E+01, 5.1400000E-01, 0.0000000E+00
* ELEM  6  circle
 2, 3, 2
*
  1.2302500E+01, 1.2302500E+01, 4.5200000E-01, 0.0000000E+00
* ELEM  7  circle
 2, 4, 3
*
  1.2302500E+01, 1.2302500E+01, 4.4350000E-01, 0.0000000E+00
* ELEM  8  circle
 2, 5, 4
*
  1.2302500E+01, 1.2302500E+01, 4.3227000E-01, 0.0000000E+00
* ELEM  9  circle
 2, 6, 5
*
  1.2302500E+01, 1.2302500E+01, 3.9667800E-01, 0.0000000E+00
* ELEM  10  circle
 2, 7, 6
*
  1.2302500E+01, 1.2302500E+01, 3.1360200E-01, 0.0000000E+00
* ELEM  11  line segment
 1, 78, 8
*
  1.0360000E+01, 1.1655000E+01, 1.2950000E+00, 0.0000000E+00
* ELEM  12  line segment
 1, 15, 8
*
  1.0360000E+01, 1.2950000E+01, 0.0000000E+00, -1.2950000E+00
* ELEM  13  line segment
 1, 0, 8
*
  1.1655000E+01, 1.2950000E+01, -1.2950000E+00, 0.0000000E+00
* ELEM  14  circle
 2, 9, 8
*
  1.1007500E+01, 1.2302500E+01, 5.1400000E-01, 0.0000000E+00
* ELEM  15  circle
 2, 10, 9
*
  1.1007500E+01, 1.2302500E+01, 4.5200000E-01, 0.0000000E+00
* ELEM  16  circle
 2, 11, 10
*
  1.1007500E+01, 1.2302500E+01, 4.4350000E-01, 0.0000000E+00
* ELEM  17  circle
 2, 12, 11
*
  1.1007500E+01, 1.2302500E+01, 4.3227000E-01, 0.0000000E+00
* ELEM  18  circle
 2, 13, 12
*
  1.1007500E+01, 1.2302500E+01, 3.9667800E-01, 0.0000000E+00
* ELEM  19  circle
 2, 14, 13
*
  1.1007500E+01, 1.2302500E+01, 3.1360200E-01, 0.0000000E+00
* ELEM  20  line segment
 1, 85, 15
*
  9.0650000E+00, 1.1655000E+01, 1.2950000E+00, 0.0000000E+00
* ELEM  21  line segment
 1, 22, 15
*
  9.0650000E+00, 1.2950000E+01, 0.0000000E+00, -1.2950000E+00
* ELEM  22  line segment
 1, 0, 15
*
  1.0360000E+01, 1.2950000E+01, -1.2950000E+00, 0.0000000E+00
* ELEM  23  circle
 2, 16, 15
*
  9.7125000E+00, 1.2302500E+01, 5.1400000E-01, 0.0000000E+00
* ELEM  24  circle
 2, 17, 16
*
  9.7125000E+00, 1.2302500E+01, 4.5200000E-01, 0.0000000E+00
* ELEM  25  circle
 2, 18, 17
*
  9.7125000E+00, 1.2302500E+01, 4.4350000E-01, 0.0000000E+00
* ELEM  26  circle
 2, 19, 18
*
  9.7125000E+00, 1.2302500E+01, 4.3227000E-01, 0.0000000E+00
* ELEM  27  circle
 2, 20, 19
*
  9.7125000E+00, 1.2302500E+01, 3.9667800E-01, 0.0000000E+00
* ELEM  28  circle
 2, 21, 20
*
  9.7125000E+00, 1.2302500E+01, 3.1360200E-01, 0.0000000E+00
* ELEM  29  line segment
 1, 94, 22
*
  7.7700000E+00, 1.1655000E+01, 1.2950000E+00, 0.0000000E+00
* ELEM  30  line segment
 1, 29, 22
*
  7.7700000E+00, 1.2950000E+01, 0.0000000E+00, -1.2950000E+00
* ELEM  31  line segment
 1, 0, 22
*
  9.0650000E+00, 1.2950000E+01, -1.2950000E+00, 0.0000000E+00
* ELEM  32  circle
 2, 23, 22
*
  8.4175000E+00, 1.2302500E+01, 5.1400000E-01, 0.0000000E+00
* ELEM  33  circle
 2, 24, 23
*
  8.4175000E+00, 1.2302500E+01, 4.5200000E-01, 0.0000000E+00
* ELEM  34  circle
 2, 25, 24
*
  8.4175000E+00, 1.2302500E+01, 4.4350000E-01, 0.0000000E+00
* ELEM  35  circle
 2, 26, 25
*
  8.4175000E+00, 1.2302500E+01, 4.3227000E-01, 0.0000000E+00
* ELEM  36  circle
 2, 27, 26
*
  8.4175000E+00, 1.2302500E+01, 3.9667800E-01, 0.0000000E+00
* ELEM  37  circle
 2, 28, 27
*
  8.4175000E+00, 1.2302500E+01, 3.1360200E-01, 0.0000000E+00
* ELEM  38  line segment
 1, 101, 29
*
  6.4750000E+00, 1.1655000E+01, 1.2950000E+00, 0.0000000E+00
* ELEM  39  line segment
 1, 36, 29
*
  6.4750000E+00, 1.2950000E+01, 0.0000000E+00, -1.2950000E+00
* ELEM  40  line segment
 1, 0, 29
*
  7.7700000E+00, 1.2950000E+01, -1.2950000E+00, 0.0000000E+00
* ELEM  41  circle
 2, 30, 29
*
  7.1225000E+00, 1.2302500E+01, 5.1400000E-01, 0.0000000E+00
* ELEM  42  circle
 2, 31, 30
*
  7.1225000E+00, 1.2302500E+01, 4.5200000E-01, 0.0000000E+00
* ELEM  43  circle
 2, 32, 31
*
  7.1225000E+00, 1.2302500E+01, 4.4350000E-01, 0.0000000E+00
* ELEM  44  circle
 2, 33, 32
*
  7.1225000E+00, 1.2302500E+01, 4.3227000E-01, 0.0000000E+00
* ELEM  45  circle
 2, 34, 33
*
  7.1225000E+00, 1.2302500E+01, 3.9667800E-01, 0.0000000E+00
* ELEM  46  circle
 2, 35, 34
*
  7.1225000E+00, 1.2302500E+01, 3.1360200E-01, 0.0000000E+00
* ELEM  47  line segment
 1, 110, 36
*
  5.1800000E+00, 1.1655000E+01, 1.2950000E+00, 0.0000000E+00
* ELEM  48  line segment
 1, 43, 36
*
  5.1800000E+00, 1.2950000E+01, 0.0000000E+00, -1.2950000E+00
* ELEM  49  line segment
 1, 0, 36
*
  6.4750000E+00, 1.2950000E+01, -1.2950000E+00, 0.0000000E+00
* ELEM  50  circle
 2, 37, 36
*
  5.8275000E+00, 1.2302500E+01, 5.1400000E-01, 0.0000000E+00
* ELEM  51  circle
 2, 38, 37
*
  5.8275000E+00, 1.2302500E+01, 4.5200000E-01, 0.0000000E+00
* ELEM  52  circle
 2, 39, 38
*
  5.8275000E+00, 1.2302500E+01, 4.4350000E-01, 0.0000000E+00
* ELEM  53  circle
 2, 40, 39
*
  5.8275000E+00, 1.2302500E+01, 4.3227000E-01, 0.0000000E+00
* ELEM  54  circle
 2, 41, 40
*
  5.8275000E+00, 1.2302500E+01, 3.9667800E-01, 0.0000000E+00
* ELEM  55  circle
 2, 42, 41
*
  5.8275000E+00, 1.2302500E+01, 3.1360200E-01, 0.0000000E+00
* ELEM  56  line segment
 1, 117, 43
*
  3.8850000E+00, 1.1655000E+01, 1.2950000E+00, 0.0000000E+00
* ELEM  57  line segment
 1, 50, 43
*
  3.8850000E+00, 1.2950000E+01, 0.0000000E+00, -1.2950000E+00
* ELEM  58  line segment
 1, 0, 43
*
  5.1800000E+00, 1.2950000E+01, -1.2950000E+00, 0.0000000E+00
* ELEM  59  circle
 2, 44, 43
*
  4.5325000E+00, 1.2302500E+01, 5.1400000E-01, 0.0000000E+00
* ELEM  60  circle
 2, 45, 44
*
  4.5325000E+00, 1.2302500E+01, 4.5200000E-01, 0.0000000E+00
* ELEM  61  circle
 2, 46, 45
*
  4.5325000E+00, 1.2302500E+01, 4.4350000E-01, 0.0000000E+00
* ELEM  62  circle
 2, 47, 46
*
  4.5325000E+00, 1.2302500E+01, 4.3227000E-01, 0.0000000E+00
* ELEM  63  circle
 2, 48, 47
*
  4.5325000E+00, 1.2302500E+01, 3.9667800E-01, 0.0000000E+00
* ELEM  64  circle
 2, 49, 48
*
  4.5325000E+00, 1.2302500E+01, 3.1360200E-01, 0.0000000E+00
* ELEM  65  line segment
 1, 124, 50
*
  2.5900000E+00, 1.1655000E+01, 1.2950000E+00, 0.0000000E+00
* ELEM  66  line segment
 1, 57, 50
*
  2.5900000E+00, 1.2950000E+01, 0.0000000E+00, -1.2950000E+00
* ELEM  67  line segment
 1, 0, 50
*
  3.8850000E+00, 1.2950000E+01, -1.2950000E+00, 0.0000000E+00
* ELEM  68  circle
 2, 51, 50
*
  3.2375000E+00, 1.2302500E+01, 5.1400000E-01, 0.0000000E+00
* ELEM  69  circle
 2, 52, 51
*
  3.2375000E+00, 1.2302500E+01, 4.5200000E-01, 0.0000000E+00
* ELEM  70  circle
 2, 53, 52
*
  3.2375000E+00, 1.2302500E+01, 4.4350000E-01, 0.0000000E+00
* ELEM  71  circle
 2, 54, 53
*
  3.2375000E+00, 1.2302500E+01, 4.3227000E-01, 0.0000000E+00
* ELEM  72  circle
 2, 55, 54
*
  3.2375000E+00, 1.2302500E+01, 3.9667800E-01, 0.0000000E+00
* ELEM  73  circle
 2, 56, 55
*
  3.2375000E+00, 1.2302500E+01, 3.1360200E-01, 0.0000000E+00
* ELEM  74  line segment
 1, 133, 57
*
  1.2950000E+00, 1.1655000E+01, 1.2950000E+00, 0.0000000E+00
* ELEM  75  line segment
 1, 64, 57
*
  1.2950000E+00, 1.2950000E+01, 0.0000000E+00, -1.2950000E+00
* ELEM  76  line segment
 1, 0, 57
*
  2.5900000E+00, 1.2950000E+01, -1.2950000E+00, 0.0000000E+00
* ELEM  77  circle
 2, 58, 57
*
  1.9425000E+00, 1.2302500E+01, 5.1400000E-01, 0.0000000E+00
* ELEM  78  circle
 2, 59, 58
*
  1.9425000E+00, 1.2302500E+01, 4.5200000E-01, 0.0000000E+00
* ELEM  79  circle
 2, 60, 59
*
  1.9425000E+00, 1.2302500E+01, 4.4350000E-01, 0.0000000E+00
* ELEM  80  circle
 2, 61, 60
*
  1.9425000E+00, 1.2302500E+01, 4.3227000E-01, 0.0000000E+00
* ELEM  81  circle
 2, 62, 61
*
  1.9425000E+00, 1.2302500E+01, 3.9667800E-01, 0.0000000E+00
* ELEM  82  circle
 2, 63, 62
*
  1.9425000E+00, 1.2302500E+01, 3.1360200E-01, 0.0000000E+00
* ELEM  83  line segment
 1, 140, 64
*
  0.0000000E+00, 1.1655000E+01, 1.2950000E+00, 0.0000000E+00
* ELEM  84  line segment
 1, 0, 64
*
  0.0000000E+00, 1.2950000E+01, 0.0000000E+00, -1.2950000E+00
* ELEM  85  line segment
 1, 0, 64
*
  1.2950000E+00, 1.2950000E+01, -1.2950000E+00, 0.0000000E+00
* ELEM  86  circle
 2, 65, 64
*
  6.4750000E-01, 1.2302500E+01, 5.1400000E-01, 0.0000000E+00
* ELEM  87  circle
 2, 66, 65
*
  6.4750000E-01, 1.2302500E+01, 4.5200000E-01, 0.0000000E+00
* ELEM  88  circle
 2, 67, 66
*
  6.4750000E-01, 1.2302500E+01, 4.4350000E-01, 0.0000000E+00
* ELEM  89  circle
 2, 68, 67
*
  6.4750000E-01, 1.2302500E+01, 4.3227000E-01, 0.0000000E+00
* ELEM  90  circle
 2, 69, 68
*
  6.4750000E-01, 1.2302500E+01, 3.9667800E-01, 0.0000000E+00
* ELEM  91  circle
 2, 70, 69
*
  6.4750000E-01, 1.2302500E+01, 3.1360200E-01, 0.0000000E+00
* ELEM  92  line segment
 1, 147, 71
*
  1.1655000E+01, 1.0360000E+01, 1.2950000E+00, 0.0000000E+00
* ELEM  93  line segment
 1, 78, 71
*
  1.1655000E+01, 1.1655000E+01, 0.0000000E+00, -1.2950000E+00
* ELEM  94  line segment
 1, 0, 71
*
  1.2950000E+01, 1.0360000E+01, 0.0000000E+00, 1.2950000E+00
* ELEM  95  circle
 2, 72, 71
*
  1.2302500E+01, 1.1007500E+01, 5.1400000E-01, 0.0000000E+00
* ELEM  96  circle
 2, 73, 72
*
  1.2302500E+01, 1.1007500E+01, 4.5200000E-01, 0.0000000E+00
* ELEM  97  circle
 2, 74, 73
*
  1.2302500E+01, 1.1007500E+01, 4.4350000E-01, 0.0000000E+00
* ELEM  98  circle
 2, 75, 74
*
  1.2302500E+01, 1.1007500E+01, 4.3227000E-01, 0.0000000E+00
* ELEM  99  circle
 2, 76, 75
*
  1.2302500E+01, 1.1007500E+01, 3.9667800E-01, 0.0000000E+00
* ELEM  100  circle
 2, 77, 76
*
  1.2302500E+01, 1.1007500E+01, 3.1360200E-01, 0.0000000E+00
* ELEM  101  line segment
 1, 154, 78
*
  1.0360000E+01, 1.0360000E+01, 1.2950000E+00, 0.0000000E+00
* ELEM  102  line segment
 1, 85, 78
*
  1.0360000E+01, 1.1655000E+01, 0.0000000E+00, -1.2950000E+00
* ELEM  103  circle
 2, 79, 78
*
  1.1007500E+01, 1.1007500E+01, 5.1400000E-01, 0.0000000E+00
* ELEM  104  circle
 2, 80, 79
*
  1.1007500E+01, 1.1007500E+01, 4.5200000E-01, 0.0000000E+00
* ELEM  105  circle
 2, 81, 80
*
  1.1007500E+01, 1.1007500E+01, 4.4350000E-01, 0.0000000E+00
* ELEM  106  circle
 2, 82, 81
*
  1.1007500E+01, 1.1007500E+01, 4.3227000E-01, 0.0000000E+00
* ELEM  107  circle
 2, 83, 82
*
  1.1007500E+01, 1.1007500E+01, 3.9667800E-01, 0.0000000E+00
* ELEM  108  circle
 2, 84, 83
*
  1.1007500E+01, 1.1007500E+01, 3.1360200E-01, 0.0000000E+00
* ELEM  109  line segment
 1, 163, 85
*
  9.0650000E+00, 1.0360000E+01, 1.2950000E+00, 0.0000000E+00
* ELEM  110  line segment
 1, 94, 85
*
  9.0650000E+00, 1.1655000E+01, 0.0000000E+00, -1.2950000E+00
* ELEM  111  circle
 2, 86, 85
*
  9.7125000E+00, 1.1007500E+01, 5.1400000E-01, 0.0000000E+00
* ELEM  112  circle
 2, 87, 86
*
  9.7125000E+00, 1.1007500E+01, 4.5200000E-01, 0.0000000E+00
* ELEM  113  circle
 2, 88, 87
*
  9.7125000E+00, 1.1007500E+01, 4.4350000E-01, 0.0000000E+00
* ELEM  114  circle
 2, 89, 88
*
  9.7125000E+00, 1.1007500E+01, 4.3227000E-01, 0.0000000E+00
* ELEM  115  circle
 2, 90, 89
*
  9.7125000E+00, 1.1007500E+01, 3.9668000E-01, 0.0000000E+00
* ELEM  116  circle
 2, 91, 90
*
  9.7125000E+00, 1.1007500E+01, 3.4353000E-01, 0.0000000E+00
* ELEM  117  circle
 2, 92, 91
*
  9.7125000E+00, 1.1007500E+01, 2.8049000E-01, 0.0000000E+00
* ELEM  118  circle
 2, 93, 92
*
  9.7125000E+00, 1.1007500E+01, 1.9834000E-01, 0.0000000E+00
* ELEM  119  line segment
 1, 170, 94
*
  7.7700000E+00, 1.0360000E+01, 1.2950000E+00, 0.0000000E+00
* ELEM  120  line segment
 1, 101, 94
*
  7.7700000E+00, 1.1655000E+01, 0.0000000E+00, -1.2950000E+00
* ELEM  121  circle
 2, 95, 94
*
  8.4175000E+00, 1.1007500E+01, 5.1400000E-01, 0.0000000E+00
* ELEM  122  circle
 2, 96, 95
*
  8.4175000E+00, 1.1007500E+01, 4.5200000E-01, 0.0000000E+00
* ELEM  123  circle
 2, 97, 96
*
  8.4175000E+00, 1.1007500E+01, 4.4350000E-01, 0.0000000E+00
* ELEM  124  circle
 2, 98, 97
*
  8.4175000E+00, 1.1007500E+01, 4.3227000E-01, 0.0000000E+00
* ELEM  125  circle
 2, 99, 98
*
  8.4175000E+00, 1.1007500E+01, 3.9667800E-01, 0.0000000E+00
* ELEM  126  circle
 2, 100, 99
*
  8.4175000E+00, 1.1007500E+01, 3.1360200E-01, 0.0000000E+00
* ELEM  127  line segment
 1, 177, 101
*
  6.4750000E+00, 1.0360000E+01, 1.2950000E+00, 0.0000000E+00
* ELEM  128  line segment
 1, 110, 101
*
  6.4750000E+00, 1.1655000E+01, 0.0000000E+00, -1.2950000E+00
* ELEM  129  circle
 2, 102, 101
*
  7.1225000E+00, 1.1007500E+01, 5.1400000E-01, 0.0000000E+00
* ELEM  130  circle
 2, 103, 102
*
  7.1225000E+00, 1.1007500E+01, 4.5200000E-01, 0.0000000E+00
* ELEM  131  circle
 2, 104, 103
*
  7.1225000E+00, 1.1007500E+01, 4.4350000E-01, 0.0000000E+00
* ELEM  132  circle
 2, 105, 104
*
  7.1225000E+00, 1.1007500E+01, 4.3227000E-01, 0.0000000E+00
* ELEM  133  circle
 2, 106, 105
*
  7.1225000E+00, 1.1007500E+01, 3.9668000E-01, 0.0000000E+00
* ELEM  134  circle
 2, 107, 106
*
  7.1225000E+00, 1.1007500E+01, 3.4353000E-01, 0.0000000E+00
* ELEM  135  circle
 2, 108, 107
*
  7.1225000E+00, 1.1007500E+01, 2.8049000E-01, 0.0000000E+00
* ELEM  136  circle
 2, 109, 108
*
  7.1225000E+00, 1.1007500E+01, 1.9834000E-01, 0.0000000E+00
* ELEM  137  line segment
 1, 184, 110
*
  5.1800000E+00, 1.0360000E+01, 1.2950000E+00, 0.0000000E+00
* ELEM  138  line segment
 1, 117, 110
*
  5.1800000E+00, 1.1655000E+01, 0.0000000E+00, -1.2950000E+00
* ELEM  139  circle
 2, 111, 110
*
  5.8275000E+00, 1.1007500E+01, 5.1400000E-01, 0.0000000E+00
* ELEM  140  circle
 2, 112, 111
*
  5.8275000E+00, 1.1007500E+01, 4.5200000E-01, 0.0000000E+00
* ELEM  141  circle
 2, 113, 112
*
  5.8275000E+00, 1.1007500E+01, 4.4350000E-01, 0.0000000E+00
* ELEM  142  circle
 2, 114, 113
*
  5.8275000E+00, 1.1007500E+01, 4.3227000E-01, 0.0000000E+00
* ELEM  143  circle
 2, 115, 114
*
  5.8275000E+00, 1.1007500E+01, 3.9667800E-01, 0.0000000E+00
* ELEM  144  circle
 2, 116, 115
*
  5.8275000E+00, 1.1007500E+01, 3.1360200E-01, 0.0000000E+00
* ELEM  145  line segment
 1, 191, 117
*
  3.8850000E+00, 1.0360000E+01, 1.2950000E+00, 0.0000000E+00
* ELEM  146  line segment
 1, 124, 117
*
  3.8850000E+00, 1.1655000E+01, 0.0000000E+00, -1.2950000E+00
* ELEM  147  circle
 2, 118, 117
*
  4.5325000E+00, 1.1007500E+01, 5.1400000E-01, 0.0000000E+00
* ELEM  148  circle
 2, 119, 118
*
  4.5325000E+00, 1.1007500E+01, 4.5200000E-01, 0.0000000E+00
* ELEM  149  circle
 2, 120, 119
*
  4.5325000E+00, 1.1007500E+01, 4.4350000E-01, 0.0000000E+00
* ELEM  150  circle
 2, 121, 120
*
  4.5325000E+00, 1.1007500E+01, 4.3227000E-01, 0.0000000E+00
* ELEM  151  circle
 2, 122, 121
*
  4.5325000E+00, 1.1007500E+01, 3.9667800E-01, 0.0000000E+00
* ELEM  152  circle
 2, 123, 122
*
  4.5325000E+00, 1.1007500E+01, 3.1360200E-01, 0.0000000E+00
* ELEM  153  line segment
 1, 198, 124
*
  2.5900000E+00, 1.0360000E+01, 1.2950000E+00, 0.0000000E+00
* ELEM  154  line segment
 1, 133, 124
*
  2.5900000E+00, 1.1655000E+01, 0.0000000E+00, -1.2950000E+00
* ELEM  155  circle
 2, 125, 124
*
  3.2375000E+00, 1.1007500E+01, 5.1400000E-01, 0.0000000E+00
* ELEM  156  circle
 2, 126, 125
*
  3.2375000E+00, 1.1007500E+01, 4.5200000E-01, 0.0000000E+00
* ELEM  157  circle
 2, 127, 126
*
  3.2375000E+00, 1.1007500E+01, 4.4350000E-01, 0.0000000E+00
* ELEM  158  circle
 2, 128, 127
*
  3.2375000E+00, 1.1007500E+01, 4.3227000E-01, 0.0000000E+00
* ELEM  159  circle
 2, 129, 128
*
  3.2375000E+00, 1.1007500E+01, 3.9668000E-01, 0.0000000E+00
* ELEM  160  circle
 2, 130, 129
*
  3.2375000E+00, 1.1007500E+01, 3.4353000E-01, 0.0000000E+00
* ELEM  161  circle
 2, 131, 130
*
  3.2375000E+00, 1.1007500E+01, 2.8049000E-01, 0.0000000E+00
* ELEM  162  circle
 2, 132, 131
*
  3.2375000E+00, 1.1007500E+01, 1.9834000E-01, 0.0000000E+00
* ELEM  163  line segment
 1, 205, 133
*
  1.2950000E+00, 1.0360000E+01, 1.2950000E+00, 0.0000000E+00
* ELEM  164  line segment
 1, 140, 133
*
  1.2950000E+00, 1.1655000E+01, 0.0000000E+00, -1.2950000E+00
* ELEM  165  circle
 2, 134, 133
*
  1.9425000E+00, 1.1007500E+01, 5.1400000E-01, 0.0000000E+00
* ELEM  166  circle
 2, 135, 134
*
  1.9425000E+00, 1.1007500E+01, 4.5200000E-01, 0.0000000E+00
* ELEM  167  circle
 2, 136, 135
*
  1.9425000E+00, 1.1007500E+01, 4.4350000E-01, 0.0000000E+00
* ELEM  168  circle
 2, 137, 136
*
  1.9425000E+00, 1.1007500E+01, 4.3227000E-01, 0.0000000E+00
* ELEM  169  circle
 2, 138, 137
*
  1.9425000E+00, 1.1007500E+01, 3.9667800E-01, 0.0000000E+00
* ELEM  170  circle
 2, 139, 138
*
  1.9425000E+00, 1.1007500E+01, 3.1360200E-01, 0.0000000E+00
* ELEM  171  line segment
 1, 214, 140
*
  0.0000000E+00, 1.0360000E+01, 1.2950000E+00, 0.0000000E+00
* ELEM  172  line segment
 1, 0, 140
*
  0.0000000E+00, 1.1655000E+01, 0.0000000E+00, -1.2950000E+00
* ELEM  173  circle
 2, 141, 140
*
  6.4750000E-01, 1.1007500E+01, 5.1400000E-01, 0.0000000E+00
* ELEM  174  circle
 2, 142, 141
*
  6.4750000E-01, 1.1007500E+01, 4.5200000E-01, 0.0000000E+00
* ELEM  175  circle
 2, 143, 142
*
  6.4750000E-01, 1.1007500E+01, 4.4350000E-01, 0.0000000E+00
* ELEM  176  circle
 2, 144, 143
*
  6.4750000E-01, 1.1007500E+01, 4.3227000E-01, 0.0000000E+00
* ELEM  177  circle
 2, 145, 144
*
  6.4750000E-01, 1.1007500E+01, 3.9667800E-01, 0.0000000E+00
* ELEM  178  circle
 2, 146, 145
*
  6.4750000E-01, 1.1007500E+01, 3.1360200E-01, 0.0000000E+00
* ELEM  179  line segment
 1, 221, 147
*
  1.1655000E+01, 9.0650000E+00, 1.2950000E+00, 0.0000000E+00
* ELEM  180  line segment
 1, 154, 147
*
  1.1655000E+01, 1.0360000E+01, 0.0000000E+00, -1.2950000E+00
* ELEM  181  line segment
 1, 0, 147
*
  1.2950000E+01, 9.0650000E+00, 0.0000000E+00, 1.2950000E+00
* ELEM  182  circle
 2, 148, 147
*
  1.2302500E+01, 9.7125000E+00, 5.1400000E-01, 0.0000000E+00
* ELEM  183  circle
 2, 149, 148
*
  1.2302500E+01, 9.7125000E+00, 4.5200000E-01, 0.0000000E+00
* ELEM  184  circle
 2, 150, 149
*
  1.2302500E+01, 9.7125000E+00, 4.4350000E-01, 0.0000000E+00
* ELEM  185  circle
 2, 151, 150
*
  1.2302500E+01, 9.7125000E+00, 4.3227000E-01, 0.0000000E+00
* ELEM  186  circle
 2, 152, 151
*
  1.2302500E+01, 9.7125000E+00, 3.9667800E-01, 0.0000000E+00
* ELEM  187  circle
 2, 153, 152
*
  1.2302500E+01, 9.7125000E+00, 3.1360200E-01, 0.0000000E+00
* ELEM  188  line segment
 1, 228, 154
*
  1.0360000E+01, 9.0650000E+00, 1.2950000E+00, 0.0000000E+00
* ELEM  189  line segment
 1, 163, 154
*
  1.0360000E+01, 1.0360000E+01, 0.0000000E+00, -1.2950000E+00
* ELEM  190  circle
 2, 155, 154
*
  1.1007500E+01, 9.7125000E+00, 5.1400000E-01, 0.0000000E+00
* ELEM  191  circle
 2, 156, 155
*
  1.1007500E+01, 9.7125000E+00, 4.5200000E-01, 0.0000000E+00
* ELEM  192  circle
 2, 157, 156
*
  1.1007500E+01, 9.7125000E+00, 4.4350000E-01, 0.0000000E+00
* ELEM  193  circle
 2, 158, 157
*
  1.1007500E+01, 9.7125000E+00, 4.3227000E-01, 0.0000000E+00
* ELEM  194  circle
 2, 159, 158
*
  1.1007500E+01, 9.7125000E+00, 3.9668000E-01, 0.0000000E+00
* ELEM  195  circle
 2, 160, 159
*
  1.1007500E+01, 9.7125000E+00, 3.4353000E-01, 0.0000000E+00
* ELEM  196  circle
 2, 161, 160
*
  1.1007500E+01, 9.7125000E+00, 2.8049000E-01, 0.0000000E+00
* ELEM  197  circle
 2, 162, 161
*
  1.1007500E+01, 9.7125000E+00, 1.9834000E-01, 0.0000000E+00
* ELEM  198  line segment
 1, 235, 163
*
  9.0650000E+00, 9.0650000E+00, 1.2950000E+00, 0.0000000E+00
* ELEM  199  line segment
 1, 170, 163
*
  9.0650000E+00, 1.0360000E+01, 0.0000000E+00, -1.2950000E+00
* ELEM  200  circle
 2, 164, 163
*
  9.7125000E+00, 9.7125000E+00, 5.1400000E-01, 0.0000000E+00
* ELEM  201  circle
 2, 165, 164
*
  9.7125000E+00, 9.7125000E+00, 4.5200000E-01, 0.0000000E+00
* ELEM  202  circle
 2, 166, 165
*
  9.7125000E+00, 9.7125000E+00, 4.4350000E-01, 0.0000000E+00
* ELEM  203  circle
 2, 167, 166
*
  9.7125000E+00, 9.7125000E+00, 4.3227000E-01, 0.0000000E+00
* ELEM  204  circle
 2, 168, 167
*
  9.7125000E+00, 9.7125000E+00, 3.9667800E-01, 0.0000000E+00
* ELEM  205  circle
 2, 169, 168
*
  9.7125000E+00, 9.7125000E+00, 3.1360200E-01, 0.0000000E+00
* ELEM  206  line segment
 1, 242, 170
*
  7.7700000E+00, 9.0650000E+00, 1.2950000E+00, 0.0000000E+00
* ELEM  207  line segment
 1, 177, 170
*
  7.7700000E+00, 1.0360000E+01, 0.0000000E+00, -1.2950000E+00
* ELEM  208  circle
 2, 171, 170
*
  8.4175000E+00, 9.7125000E+00, 5.1400000E-01, 0.0000000E+00
* ELEM  209  circle
 2, 172, 171
*
  8.4175000E+00, 9.7125000E+00, 4.5200000E-01, 0.0000000E+00
* ELEM  210  circle
 2, 173, 172
*
  8.4175000E+00, 9.7125000E+00, 4.4350000E-01, 0.0000000E+00
* ELEM  211  circle
 2, 174, 173
*
  8.4175000E+00, 9.7125000E+00, 4.3227000E-01, 0.0000000E+00
* ELEM  212  circle
 2, 175, 174
*
  8.4175000E+00, 9.7125000E+00, 3.9667800E-01, 0.0000000E+00
* ELEM  213  circle
 2, 176, 175
*
  8.4175000E+00, 9.7125000E+00, 3.1360200E-01, 0.0000000E+00
* ELEM  214  line segment
 1, 243, 177
*
  6.4750000E+00, 9.0650000E+00, 1.2950000E+00, 0.0000000E+00
* ELEM  215  line segment
 1, 184, 177
*
  6.4750000E+00, 1.0360000E+01, 0.0000000E+00, -1.2950000E+00
* ELEM  216  circle
 2, 178, 177
*
  7.1225000E+00, 9.7125000E+00, 5.1400000E-01, 0.0000000E+00
* ELEM  217  circle
 2, 179, 178
*
  7.1225000E+00, 9.7125000E+00, 4.5200000E-01, 0.0000000E+00
* ELEM  218  circle
 2, 180, 179
*
  7.1225000E+00, 9.7125000E+00, 4.4350000E-01, 0.0000000E+00
* ELEM  219  circle
 2, 181, 180
*
  7.1225000E+00, 9.7125000E+00, 4.3227000E-01, 0.0000000E+00
* ELEM  220  circle
 2, 182, 181
*
  7.1225000E+00, 9.7125000E+00, 3.9667800E-01, 0.0000000E+00
* ELEM  221  circle
 2, 183, 182
*
  7.1225000E+00, 9.7125000E+00, 3.1360200E-01, 0.0000000E+00
* ELEM  222  line segment
 1, 244, 184
*
  5.1800000E+00, 9.0650000E+00, 1.2950000E+00, 0.0000000E+00
* ELEM  223  line segment
 1, 191, 184
*
  5.1800000E+00, 1.0360000E+01, 0.0000000E+00, -1.2950000E+00
* ELEM  224  circle
 2, 185, 184
*
  5.8275000E+00, 9.7125000E+00, 5.1400000E-01, 0.0000000E+00
* ELEM  225  circle
 2, 186, 185
*
  5.8275000E+00, 9.7125000E+00, 4.5200000E-01, 0.0000000E+00
* ELEM  226  circle
 2, 187, 186
*
  5.8275000E+00, 9.7125000E+00, 4.4350000E-01, 0.0000000E+00
* ELEM  227  circle
 2, 188, 187
*
  5.8275000E+00, 9.7125000E+00, 4.3227000E-01, 0.0000000E+00
* ELEM  228  circle
 2, 189, 188
*
  5.8275000E+00, 9.7125000E+00, 3.9667800E-01, 0.0000000E+00
* ELEM  229  circle
 2, 190, 189
*
  5.8275000E+00, 9.7125000E+00, 3.1360200E-01, 0.0000000E+00
* ELEM  230  line segment
 1, 245, 191
*
  3.8850000E+00, 9.0650000E+00, 1.2950000E+00, 0.0000000E+00
* ELEM  231  line segment
 1, 198, 191
*
  3.8850000E+00, 1.0360000E+01, 0.0000000E+00, -1.2950000E+00
* ELEM  232  circle
 2, 192, 191
*
  4.5325000E+00, 9.7125000E+00, 5.1400000E-01, 0.0000000E+00
* ELEM  233  circle
 2, 193, 192
*
  4.5325000E+00, 9.7125000E+00, 4.5200000E-01, 0.0000000E+00
* ELEM  234  circle
 2, 194, 193
*
  4.5325000E+00, 9.7125000E+00, 4.4350000E-01, 0.0000000E+00
* ELEM  235  circle
 2, 195, 194
*
  4.5325000E+00, 9.7125000E+00, 4.3227000E-01, 0.0000000E+00
* ELEM  236  circle
 2, 196, 195
*
  4.5325000E+00, 9.7125000E+00, 3.9667800E-01, 0.0000000E+00
* ELEM  237  circle
 2, 197, 196
*
  4.5325000E+00, 9.7125000E+00, 3.1360200E-01, 0.0000000E+00
* ELEM  238  line segment
 1, 254, 198
*
  2.5900000E+00, 9.0650000E+00, 1.2950000E+00, 0.0000000E+00
* ELEM  239  line segment
 1, 205, 198
*
  2.5900000E+00, 1.0360000E+01, 0.0000000E+00, -1.2950000E+00
* ELEM  240  circle
 2, 199, 198
*
  3.2375000E+00, 9.7125000E+00, 5.1400000E-01, 0.0000000E+00
* ELEM  241  circle
 2, 200, 199
*
  3.2375000E+00, 9.7125000E+00, 4.5200000E-01, 0.0000000E+00
* ELEM  242  circle
 2, 201, 200
*
  3.2375000E+00, 9.7125000E+00, 4.4350000E-01, 0.0000000E+00
* ELEM  243  circle
 2, 202, 201
*
  3.2375000E+00, 9.7125000E+00, 4.3227000E-01, 0.0000000E+00
* ELEM  244  circle
 2, 203, 202
*
  3.2375000E+00, 9.7125000E+00, 3.9667800E-01, 0.0000000E+00
* ELEM  245  circle
 2, 204, 203
*
  3.2375000E+00, 9.7125000E+00, 3.1360200E-01, 0.0000000E+00
* ELEM  246  line segment
 1, 261, 205
*
  1.2950000E+00, 9.0650000E+00, 1.2950000E+00, 0.0000000E+00
* ELEM  247  line segment
 1, 214, 205
*
  1.2950000E+00, 1.0360000E+01, 0.0000000E+00, -1.2950000E+00
* ELEM  248  circle
 2, 206, 205
*
  1.9425000E+00, 9.7125000E+00, 5.1400000E-01, 0.0000000E+00
* ELEM  249  circle
 2, 207, 206
*
  1.9425000E+00, 9.7125000E+00, 4.5200000E-01, 0.0000000E+00
* ELEM  250  circle
 2, 208, 207
*
  1.9425000E+00, 9.7125000E+00, 4.4350000E-01, 0.0000000E+00
* ELEM  251  circle
 2, 209, 208
*
  1.9425000E+00, 9.7125000E+00, 4.3227000E-01, 0.0000000E+00
* ELEM  252  circle
 2, 210, 209
*
  1.9425000E+00, 9.7125000E+00, 3.9668000E-01, 0.0000000E+00
* ELEM  253  circle
 2, 211, 210
*
  1.9425000E+00, 9.7125000E+00, 3.4353000E-01, 0.0000000E+00
* ELEM  254  circle
 2, 212, 211
*
  1.9425000E+00, 9.7125000E+00, 2.8049000E-01, 0.0000000E+00
* ELEM  255  circle
 2, 213, 212
*
  1.9425000E+00, 9.7125000E+00, 1.9834000E-01, 0.0000000E+00
* ELEM  256  line segment
 1, 268, 214
*
  0.0000000E+00, 9.0650000E+00, 1.2950000E+00, 0.0000000E+00
* ELEM  257  line segment
 1, 0, 214
*
  0.0000000E+00, 1.0360000E+01, 0.0000000E+00, -1.2950000E+00
* ELEM  258  circle
 2, 215, 214
*
  6.4750000E-01, 9.7125000E+00, 5.1400000E-01, 0.0000000E+00
* ELEM  259  circle
 2, 216, 215
*
  6.4750000E-01, 9.7125000E+00, 4.5200000E-01, 0.0000000E+00
* ELEM  260  circle
 2, 217, 216
*
  6.4750000E-01, 9.7125000E+00, 4.4350000E-01, 0.0000000E+00
* ELEM  261  circle
 2, 218, 217
*
  6.4750000E-01, 9.7125000E+00, 4.3227000E-01, 0.0000000E+00
* ELEM  262  circle
 2, 219, 218
*
  6.4750000E-01, 9.7125000E+00, 3.9667800E-01, 0.0000000E+00
* ELEM  263  circle
 2, 220, 219
*
  6.4750000E-01, 9.7125000E+00, 3.1360200E-01, 0.0000000E+00
* ELEM  264  line segment
 1, 275, 221
*
  1.1655000E+01, 7.7700000E+00, 1.2950000E+00, 0.0000000E+00
* ELEM  265  line segment
 1, 228, 221
*
  1.1655000E+01, 9.0650000E+00, 0.0000000E+00, -1.2950000E+00
* ELEM  266  line segment
 1, 0, 221
*
  1.2950000E+01, 7.7700000E+00, 0.0000000E+00, 1.2950000E+00
* ELEM  267  circle
 2, 222, 221
*
  1.2302500E+01, 8.4175000E+00, 5.1400000E-01, 0.0000000E+00
* ELEM  268  circle
 2, 223, 222
*
  1.2302500E+01, 8.4175000E+00, 4.5200000E-01, 0.0000000E+00
* ELEM  269  circle
 2, 224, 223
*
  1.2302500E+01, 8.4175000E+00, 4.4350000E-01, 0.0000000E+00
* ELEM  270  circle
 2, 225, 224
*
  1.2302500E+01, 8.4175000E+00, 4.3227000E-01, 0.0000000E+00
* ELEM  271  circle
 2, 226, 225
*
  1.2302500E+01, 8.4175000E+00, 3.9667800E-01, 0.0000000E+00
* ELEM  272  circle
 2, 227, 226
*
  1.2302500E+01, 8.4175000E+00, 3.1360200E-01, 0.0000000E+00
* ELEM  273  line segment
 1, 282, 228
*
  1.0360000E+01, 7.7700000E+00, 1.2950000E+00, 0.0000000E+00
* ELEM  274  line segment
 1, 235, 228
*
  1.0360000E+01, 9.0650000E+00, 0.0000000E+00, -1.2950000E+00
* ELEM  275  circle
 2, 229, 228
*
  1.1007500E+01, 8.4175000E+00, 5.1400000E-01, 0.0000000E+00
* ELEM  276  circle
 2, 230, 229
*
  1.1007500E+01, 8.4175000E+00, 4.5200000E-01, 0.0000000E+00
* ELEM  277  circle
 2, 231, 230
*
  1.1007500E+01, 8.4175000E+00, 4.4350000E-01, 0.0000000E+00
* ELEM  278  circle
 2, 232, 231
*
  1.1007500E+01, 8.4175000E+00, 4.3227000E-01, 0.0000000E+00
* ELEM  279  circle
 2, 233, 232
*
  1.1007500E+01, 8.4175000E+00, 3.9667800E-01, 0.0000000E+00
* ELEM  280  circle
 2, 234, 233
*
  1.1007500E+01, 8.4175000E+00, 3.1360200E-01, 0.0000000E+00
* ELEM  281  line segment
 1, 291, 235
*
  9.0650000E+00, 7.7700000E+00, 1.2950000E+00, 0.0000000E+00
* ELEM  282  line segment
 1, 242, 235
*
  9.0650000E+00, 9.0650000E+00, 0.0000000E+00, -1.2950000E+00
* ELEM  283  circle
 2, 236, 235
*
  9.7125000E+00, 8.4175000E+00, 5.1400000E-01, 0.0000000E+00
* ELEM  284  circle
 2, 237, 236
*
  9.7125000E+00, 8.4175000E+00, 4.5200000E-01, 0.0000000E+00
* ELEM  285  circle
 2, 238, 237
*
  9.7125000E+00, 8.4175000E+00, 4.4350000E-01, 0.0000000E+00
* ELEM  286  circle
 2, 239, 238
*
  9.7125000E+00, 8.4175000E+00, 4.3227000E-01, 0.0000000E+00
* ELEM  287  circle
 2, 240, 239
*
  9.7125000E+00, 8.4175000E+00, 3.9667800E-01, 0.0000000E+00
* ELEM  288  circle
 2, 241, 240
*
  9.7125000E+00, 8.4175000E+00, 3.1360200E-01, 0.0000000E+00
* ELEM  289  line segment
 1, 298, 242
*
  7.7700000E+00, 7.7700000E+00, 1.2950000E+00, 0.0000000E+00
* ELEM  290  line segment
 1, 243, 242
*
  7.7700000E+00, 9.0650000E+00, 0.0000000E+00, -1.2950000E+00
* ELEM  291  line segment
 1, 299, 243
*
  6.4750000E+00, 7.7700000E+00, 1.2950000E+00, 0.0000000E+00
* ELEM  292  line segment
 1, 244, 243
*
  6.4750000E+00, 9.0650000E+00, 0.0000000E+00, -1.2950000E+00
* ELEM  293  line segment
 1, 300, 244
*
  5.1800000E+00, 7.7700000E+00, 1.2950000E+00, 0.0000000E+00
* ELEM  294  line segment
 1, 245, 244
*
  5.1800000E+00, 9.0650000E+00, 0.0000000E+00, -1.2950000E+00
* ELEM  295  line segment
 1, 301, 245
*
  3.8850000E+00, 7.7700000E+00, 1.2950000E+00, 0.0000000E+00
* ELEM  296  line segment
 1, 254, 245
*
  3.8850000E+00, 9.0650000E+00, 0.0000000E+00, -1.2950000E+00
* ELEM  297  circle
 2, 246, 245
*
  4.5325000E+00, 8.4175000E+00, 5.1400000E-01, 0.0000000E+00
* ELEM  298  circle
 2, 247, 246
*
  4.5325000E+00, 8.4175000E+00, 4.5200000E-01, 0.0000000E+00
* ELEM  299  circle
 2, 248, 247
*
  4.5325000E+00, 8.4175000E+00, 4.4350000E-01, 0.0000000E+00
* ELEM  300  circle
 2, 249, 248
*
  4.5325000E+00, 8.4175000E+00, 4.3227000E-01, 0.0000000E+00
* ELEM  301  circle
 2, 250, 249
*
  4.5325000E+00, 8.4175000E+00, 3.9668000E-01, 0.0000000E+00
* ELEM  302  circle
 2, 251, 250
*
  4.5325000E+00, 8.4175000E+00, 3.4353000E-01, 0.0000000E+00
* ELEM  303  circle
 2, 252, 251
*
  4.5325000E+00, 8.4175000E+00, 2.8049000E-01, 0.0000000E+00
* ELEM  304  circle
 2, 253, 252
*
  4.5325000E+00, 8.4175000E+00, 1.9834000E-01, 0.0000000E+00
* ELEM  305  line segment
 1, 308, 254
*
  2.5900000E+00, 7.7700000E+00, 1.2950000E+00, 0.0000000E+00
* ELEM  306  line segment
 1, 261, 254
*
  2.5900000E+00, 9.0650000E+00, 0.0000000E+00, -1.2950000E+00
* ELEM  307  circle
 2, 255, 254
*
  3.2375000E+00, 8.4175000E+00, 5.1400000E-01, 0.0000000E+00
* ELEM  308  circle
 2, 256, 255
*
  3.2375000E+00, 8.4175000E+00, 4.5200000E-01, 0.0000000E+00
* ELEM  309  circle
 2, 257, 256
*
  3.2375000E+00, 8.4175000E+00, 4.4350000E-01, 0.0000000E+00
* ELEM  310  circle
 2, 258, 257
*
  3.2375000E+00, 8.4175000E+00, 4.3227000E-01, 0.0000000E+00
* ELEM  311  circle
 2, 259, 258
*
  3.2375000E+00, 8.4175000E+00, 3.9667800E-01, 0.0000000E+00
* ELEM  312  circle
 2, 260, 259
*
  3.2375000E+00, 8.4175000E+00, 3.1360200E-01, 0.0000000E+00
* ELEM  313  line segment
 1, 317, 261
*
  1.2950000E+00, 7.7700000E+00, 1.2950000E+00, 0.0000000E+00
* ELEM  314  line segment
 1, 268, 261
*
  1.2950000E+00, 9.0650000E+00, 0.0000000E+00, -1.2950000E+00
* ELEM  315  circle
 2, 262, 261
*
  1.9425000E+00, 8.4175000E+00, 5.1400000E-01, 0.0000000E+00
* ELEM  316  circle
 2, 263, 262
*
  1.9425000E+00, 8.4175000E+00, 4.5200000E-01, 0.0000000E+00
* ELEM  317  circle
 2, 264, 263
*
  1.9425000E+00, 8.4175000E+00, 4.4350000E-01, 0.0000000E+00
* ELEM  318  circle
 2, 265, 264
*
  1.9425000E+00, 8.4175000E+00, 4.3227000E-01, 0.0000000E+00
* ELEM  319  circle
 2, 266, 265
*
  1.9425000E+00, 8.4175000E+00, 3.9667800E-01, 0.0000000E+00
* ELEM  320  circle
 2, 267, 266
*
  1.9425000E+00, 8.4175000E+00, 3.1360200E-01, 0.0000000E+00
* ELEM  321  line segment
 1, 324, 268
*
  0.0000000E+00, 7.7700000E+00, 1.2950000E+00, 0.0000000E+00
* ELEM  322  line segment
 1, 0, 268
*
  0.0000000E+00, 9.0650000E+00, 0.0000000E+00, -1.2950000E+00
* ELEM  323  circle
 2, 269, 268
*
  6.4750000E-01, 8.4175000E+00, 5.1400000E-01, 0.0000000E+00
* ELEM  324  circle
 2, 270, 269
*
  6.4750000E-01, 8.4175000E+00, 4.5200000E-01, 0.0000000E+00
* ELEM  325  circle
 2, 271, 270
*
  6.4750000E-01, 8.4175000E+00, 4.4350000E-01, 0.0000000E+00
* ELEM  326  circle
 2, 272, 271
*
  6.4750000E-01, 8.4175000E+00, 4.3227000E-01, 0.0000000E+00
* ELEM  327  circle
 2, 273, 272
*
  6.4750000E-01, 8.4175000E+00, 3.9667800E-01, 0.0000000E+00
* ELEM  328  circle
 2, 274, 273
*
  6.4750000E-01, 8.4175000E+00, 3.1360200E-01, 0.0000000E+00
* ELEM  329  line segment
 1, 331, 275
*
  1.1655000E+01, 6.4750000E+00, 1.2950000E+00, 0.0000000E+00
* ELEM  330  line segment
 1, 282, 275
*
  1.1655000E+01, 7.7700000E+00, 0.0000000E+00, -1.2950000E+00
* ELEM  331  line segment
 1, 0, 275
*
  1.2950000E+01, 6.4750000E+00, 0.0000000E+00, 1.2950000E+00
* ELEM  332  circle
 2, 276, 275
*
  1.2302500E+01, 7.1225000E+00, 5.1400000E-01, 0.0000000E+00
* ELEM  333  circle
 2, 277, 276
*
  1.2302500E+01, 7.1225000E+00, 4.5200000E-01, 0.0000000E+00
* ELEM  334  circle
 2, 278, 277
*
  1.2302500E+01, 7.1225000E+00, 4.4350000E-01, 0.0000000E+00
* ELEM  335  circle
 2, 279, 278
*
  1.2302500E+01, 7.1225000E+00, 4.3227000E-01, 0.0000000E+00
* ELEM  336  circle
 2, 280, 279
*
  1.2302500E+01, 7.1225000E+00, 3.9667800E-01, 0.0000000E+00
* ELEM  337  circle
 2, 281, 280
*
  1.2302500E+01, 7.1225000E+00, 3.1360200E-01, 0.0000000E+00
* ELEM  338  line segment
 1, 338, 282
*
  1.0360000E+01, 6.4750000E+00, 1.2950000E+00, 0.0000000E+00
* ELEM  339  line segment
 1, 291, 282
*
  1.0360000E+01, 7.7700000E+00, 0.0000000E+00, -1.2950000E+00
* ELEM  340  circle
 2, 283, 282
*
  1.1007500E+01, 7.1225000E+00, 5.1400000E-01, 0.0000000E+00
* ELEM  341  circle
 2, 284, 283
*
  1.1007500E+01, 7.1225000E+00, 4.5200000E-01, 0.0000000E+00
* ELEM  342  circle
 2, 285, 284
*
  1.1007500E+01, 7.1225000E+00, 4.4350000E-01, 0.0000000E+00
* ELEM  343  circle
 2, 286, 285
*
  1.1007500E+01, 7.1225000E+00, 4.3227000E-01, 0.0000000E+00
* ELEM  344  circle
 2, 287, 286
*
  1.1007500E+01, 7.1225000E+00, 3.9668000E-01, 0.0000000E+00
* ELEM  345  circle
 2, 288, 287
*
  1.1007500E+01, 7.1225000E+00, 3.4353000E-01, 0.0000000E+00
* ELEM  346  circle
 2, 289, 288
*
  1.1007500E+01, 7.1225000E+00, 2.8049000E-01, 0.0000000E+00
* ELEM  347  circle
 2, 290, 289
*
  1.1007500E+01, 7.1225000E+00, 1.9834000E-01, 0.0000000E+00
* ELEM  348  line segment
 1, 345, 291
*
  9.0650000E+00, 6.4750000E+00, 1.2950000E+00, 0.0000000E+00
* ELEM  349  line segment
 1, 298, 291
*
  9.0650000E+00, 7.7700000E+00, 0.0000000E+00, -1.2950000E+00
* ELEM  350  circle
 2, 292, 291
*
  9.7125000E+00, 7.1225000E+00, 5.1400000E-01, 0.0000000E+00
* ELEM  351  circle
 2, 293, 292
*
  9.7125000E+00, 7.1225000E+00, 4.5200000E-01, 0.0000000E+00
* ELEM  352  circle
 2, 294, 293
*
  9.7125000E+00, 7.1225000E+00, 4.4350000E-01, 0.0000000E+00
* ELEM  353  circle
 2, 295, 294
*
  9.7125000E+00, 7.1225000E+00, 4.3227000E-01, 0.0000000E+00
* ELEM  354  circle
 2, 296, 295
*
  9.7125000E+00, 7.1225000E+00, 3.9667800E-01, 0.0000000E+00
* ELEM  355  circle
 2, 297, 296
*
  9.7125000E+00, 7.1225000E+00, 3.1360200E-01, 0.0000000E+00
* ELEM  356  line segment
 1, 352, 298
*
  7.7700000E+00, 6.4750000E+00, 1.2950000E+00, 0.0000000E+00
* ELEM  357  line segment
 1, 299, 298
*
  7.7700000E+00, 7.7700000E+00, 0.0000000E+00, -1.2950000E+00
* ELEM  358  line segment
 1, 353, 299
*
  6.4750000E+00, 6.4750000E+00, 1.2950000E+00, 0.0000000E+00
* ELEM  359  line segment
 1, 300, 299
*
  6.4750000E+00, 7.7700000E+00, 0.0000000E+00, -1.2950000E+00
* ELEM  360  line segment
 1, 354, 300
*
  5.1800000E+00, 6.4750000E+00, 1.2950000E+00, 0.0000000E+00
* ELEM  361  line segment
 1, 301, 300
*
  5.1800000E+00, 7.7700000E+00, 0.0000000E+00, -1.2950000E+00
* ELEM  362  line segment
 1, 355, 301
*
  3.8850000E+00, 6.4750000E+00, 1.2950000E+00, 0.0000000E+00
* ELEM  363  line segment
 1, 308, 301
*
  3.8850000E+00, 7.7700000E+00, 0.0000000E+00, -1.2950000E+00
* ELEM  364  circle
 2, 302, 301
*
  4.5325000E+00, 7.1225000E+00, 5.1400000E-01, 0.0000000E+00
* ELEM  365  circle
 2, 303, 302
*
  4.5325000E+00, 7.1225000E+00, 4.5200000E-01, 0.0000000E+00
* ELEM  366  circle
 2, 304, 303
*
  4.5325000E+00, 7.1225000E+00, 4.4350000E-01, 0.0000000E+00
* ELEM  367  circle
 2, 305, 304
*
  4.5325000E+00, 7.1225000E+00, 4.3227000E-01, 0.0000000E+00
* ELEM  368  circle
 2, 306, 305
*
  4.5325000E+00, 7.1225000E+00, 3.9667800E-01, 0.0000000E+00
* ELEM  369  circle
 2, 307, 306
*
  4.5325000E+00, 7.1225000E+00, 3.1360200E-01, 0.0000000E+00
* ELEM  370  line segment
 1, 362, 308
*
  2.5900000E+00, 6.4750000E+00, 1.2950000E+00, 0.0000000E+00
* ELEM  371  line segment
 1, 317, 308
*
  2.5900000E+00, 7.7700000E+00, 0.0000000E+00, -1.2950000E+00
* ELEM  372  circle
 2, 309, 308
*
  3.2375000E+00, 7.1225000E+00, 5.1400000E-01, 0.0000000E+00
* ELEM  373  circle
 2, 310, 309
*
  3.2375000E+00, 7.1225000E+00, 4.5200000E-01, 0.0000000E+00
* ELEM  374  circle
 2, 311, 310
*
  3.2375000E+00, 7.1225000E+00, 4.4350000E-01, 0.0000000E+00
* ELEM  375  circle
 2, 312, 311
*
  3.2375000E+00, 7.1225000E+00, 4.3227000E-01, 0.0000000E+00
* ELEM  376  circle
 2, 313, 312
*
  3.2375000E+00, 7.1225000E+00, 3.9668000E-01, 0.0000000E+00
* ELEM  377  circle
 2, 314, 313
*
  3.2375000E+00, 7.1225000E+00, 3.4353000E-01, 0.0000000E+00
* ELEM  378  circle
 2, 315, 314
*
  3.2375000E+00, 7.1225000E+00, 2.8049000E-01, 0.0000000E+00
* ELEM  379  circle
 2, 316, 315
*
  3.2375000E+00, 7.1225000E+00, 1.9834000E-01, 0.0000000E+00
* ELEM  380  line segment
 1, 369, 317
*
  1.2950000E+00, 6.4750000E+00, 1.2950000E+00, 0.0000000E+00
* ELEM  381  line segment
 1, 324, 317
*
  1.2950000E+00, 7.7700000E+00, 0.0000000E+00, -1.2950000E+00
* ELEM  382  circle
 2, 318, 317
*
  1.9425000E+00, 7.1225000E+00, 5.1400000E-01, 0.0000000E+00
* ELEM  383  circle
 2, 319, 318
*
  1.9425000E+00, 7.1225000E+00, 4.5200000E-01, 0.0000000E+00
* ELEM  384  circle
 2, 320, 319
*
  1.9425000E+00, 7.1225000E+00, 4.4350000E-01, 0.0000000E+00
* ELEM  385  circle
 2, 321, 320
*
  1.9425000E+00, 7.1225000E+00, 4.3227000E-01, 0.0000000E+00
* ELEM  386  circle
 2, 322, 321
*
  1.9425000E+00, 7.1225000E+00, 3.9667800E-01, 0.0000000E+00
* ELEM  387  circle
 2, 323, 322
*
  1.9425000E+00, 7.1225000E+00, 3.1360200E-01, 0.0000000E+00
* ELEM  388  line segment
 1, 378, 324
*
  0.0000000E+00, 6.4750000E+00, 1.2950000E+00, 0.0000000E+00
* ELEM  389  line segment
 1, 0, 324
*
  0.0000000E+00, 7.7700000E+00, 0.0000000E+00, -1.2950000E+00
* ELEM  390  circle
 2, 325, 324
*
  6.4750000E-01, 7.1225000E+00, 5.1400000E-01, 0.0000000E+00
* ELEM  391  circle
 2, 326, 325
*
  6.4750000E-01, 7.1225000E+00, 4.5200000E-01, 0.0000000E+00
* ELEM  392  circle
 2, 327, 326
*
  6.4750000E-01, 7.1225000E+00, 4.4350000E-01, 0.0000000E+00
* ELEM  393  circle
 2, 328, 327
*
  6.4750000E-01, 7.1225000E+00, 4.3227000E-01, 0.0000000E+00
* ELEM  394  circle
 2, 329, 328
*
  6.4750000E-01, 7.1225000E+00, 3.9667800E-01, 0.0000000E+00
* ELEM  395  circle
 2, 330, 329
*
  6.4750000E-01, 7.1225000E+00, 3.1360200E-01, 0.0000000E+00
* ELEM  396  line segment
 1, 385, 331
*
  1.1655000E+01, 5.1800000E+00, 1.2950000E+00, 0.0000000E+00
* ELEM  397  line segment
 1, 338, 331
*
  1.1655000E+01, 6.4750000E+00, 0.0000000E+00, -1.2950000E+00
* ELEM  398  line segment
 1, 0, 331
*
  1.2950000E+01, 5.1800000E+00, 0.0000000E+00, 1.2950000E+00
* ELEM  399  circle
 2, 332, 331
*
  1.2302500E+01, 5.8275000E+00, 5.1400000E-01, 0.0000000E+00
* ELEM  400  circle
 2, 333, 332
*
  1.2302500E+01, 5.8275000E+00, 4.5200000E-01, 0.0000000E+00
* ELEM  401  circle
 2, 334, 333
*
  1.2302500E+01, 5.8275000E+00, 4.4350000E-01, 0.0000000E+00
* ELEM  402  circle
 2, 335, 334
*
  1.2302500E+01, 5.8275000E+00, 4.3227000E-01, 0.0000000E+00
* ELEM  403  circle
 2, 336, 335
*
  1.2302500E+01, 5.8275000E+00, 3.9667800E-01, 0.0000000E+00
* ELEM  404  circle
 2, 337, 336
*
  1.2302500E+01, 5.8275000E+00, 3.1360200E-01, 0.0000000E+00
* ELEM  405  line segment
 1, 392, 338
*
  1.0360000E+01, 5.1800000E+00, 1.2950000E+00, 0.0000000E+00
* ELEM  406  line segment
 1, 345, 338
*
  1.0360000E+01, 6.4750000E+00, 0.0000000E+00, -1.2950000E+00
* ELEM  407  circle
 2, 339, 338
*
  1.1007500E+01, 5.8275000E+00, 5.1400000E-01, 0.0000000E+00
* ELEM  408  circle
 2, 340, 339
*
  1.1007500E+01, 5.8275000E+00, 4.5200000E-01, 0.0000000E+00
* ELEM  409  circle
 2, 341, 340
*
  1.1007500E+01, 5.8275000E+00, 4.4350000E-01, 0.0000000E+00
* ELEM  410  circle
 2, 342, 341
*
  1.1007500E+01, 5.8275000E+00, 4.3227000E-01, 0.0000000E+00
* ELEM  411  circle
 2, 343, 342
*
  1.1007500E+01, 5.8275000E+00, 3.9667800E-01, 0.0000000E+00
* ELEM  412  circle
 2, 344, 343
*
  1.1007500E+01, 5.8275000E+00, 3.1360200E-01, 0.0000000E+00
* ELEM  413  line segment
 1, 399, 345
*
  9.0650000E+00, 5.1800000E+00, 1.2950000E+00, 0.0000000E+00
* ELEM  414  line segment
 1, 352, 345
*
  9.0650000E+00, 6.4750000E+00, 0.0000000E+00, -1.2950000E+00
* ELEM  415  circle
 2, 346, 345
*
  9.7125000E+00, 5.8275000E+00, 5.1400000E-01, 0.0000000E+00
* ELEM  416  circle
 2, 347, 346
*
  9.7125000E+00, 5.8275000E+00, 4.5200000E-01, 0.0000000E+00
* ELEM  417  circle
 2, 348, 347
*
  9.7125000E+00, 5.8275000E+00, 4.4350000E-01, 0.0000000E+00
* ELEM  418  circle
 2, 349, 348
*
  9.7125000E+00, 5.8275000E+00, 4.3227000E-01, 0.0000000E+00
* ELEM  419  circle
 2, 350, 349
*
  9.7125000E+00, 5.8275000E+00, 3.9667800E-01, 0.0000000E+00
* ELEM  420  circle
 2, 351, 350
*
  9.7125000E+00, 5.8275000E+00, 3.1360200E-01, 0.0000000E+00
* ELEM  421  line segment
 1, 406, 352
*
  7.7700000E+00, 5.1800000E+00, 1.2950000E+00, 0.0000000E+00
* ELEM  422  line segment
 1, 353, 352
*
  7.7700000E+00, 6.4750000E+00, 0.0000000E+00, -1.2950000E+00
* ELEM  423  line segment
 1, 415, 353
*
  6.4750000E+00, 5.1800000E+00, 1.2950000E+00, 0.0000000E+00
* ELEM  424  line segment
 1, 354, 353
*
  6.4750000E+00, 6.4750000E+00, 0.0000000E+00, -1.2950000E+00
* ELEM  425  line segment
 1, 422, 354
*
  5.1800000E+00, 5.1800000E+00, 1.2950000E+00, 0.0000000E+00
* ELEM  426  line segment
 1, 355, 354
*
  5.1800000E+00, 6.4750000E+00, 0.0000000E+00, -1.2950000E+00
* ELEM  427  line segment
 1, 429, 355
*
  3.8850000E+00, 5.1800000E+00, 1.2950000E+00, 0.0000000E+00
* ELEM  428  line segment
 1, 362, 355
*
  3.8850000E+00, 6.4750000E+00, 0.0000000E+00, -1.2950000E+00
* ELEM  429  circle
 2, 356, 355
*
  4.5325000E+00, 5.8275000E+00, 5.1400000E-01, 0.0000000E+00
* ELEM  430  circle
 2, 357, 356
*
  4.5325000E+00, 5.8275000E+00, 4.5200000E-01, 0.0000000E+00
* ELEM  431  circle
 2, 358, 357
*
  4.5325000E+00, 5.8275000E+00, 4.4350000E-01, 0.0000000E+00
* ELEM  432  circle
 2, 359, 358
*
  4.5325000E+00, 5.8275000E+00, 4.3227000E-01, 0.0000000E+00
* ELEM  433  circle
 2, 360, 359
*
  4.5325000E+00, 5.8275000E+00, 3.9667800E-01, 0.0000000E+00
* ELEM  434  circle
 2, 361, 360
*
  4.5325000E+00, 5.8275000E+00, 3.1360200E-01, 0.0000000E+00
* ELEM  435  line segment
 1, 436, 362
*
  2.5900000E+00, 5.1800000E+00, 1.2950000E+00, 0.0000000E+00
* ELEM  436  line segment
 1, 369, 362
*
  2.5900000E+00, 6.4750000E+00, 0.0000000E+00, -1.2950000E+00
* ELEM  437  circle
 2, 363, 362
*
  3.2375000E+00, 5.8275000E+00, 5.1400000E-01, 0.0000000E+00
* ELEM  438  circle
 2, 364, 363
*
  3.2375000E+00, 5.8275000E+00, 4.5200000E-01, 0.0000000E+00
* ELEM  439  circle
 2, 365, 364
*
  3.2375000E+00, 5.8275000E+00, 4.4350000E-01, 0.0000000E+00
* ELEM  440  circle
 2, 366, 365
*
  3.2375000E+00, 5.8275000E+00, 4.3227000E-01, 0.0000000E+00
* ELEM  441  circle
 2, 367, 366
*
  3.2375000E+00, 5.8275000E+00, 3.9667800E-01, 0.0000000E+00
* ELEM  442  circle
 2, 368, 367
*
  3.2375000E+00, 5.8275000E+00, 3.1360200E-01, 0.0000000E+00
* ELEM  443  line segment
 1, 443, 369
*
  1.2950000E+00, 5.1800000E+00, 1.2950000E+00, 0.0000000E+00
* ELEM  444  line segment
 1, 378, 369
*
  1.2950000E+00, 6.4750000E+00, 0.0000000E+00, -1.2950000E+00
* ELEM  445  circle
 2, 370, 369
*
  1.9425000E+00, 5.8275000E+00, 5.1400000E-01, 0.0000000E+00
* ELEM  446  circle
 2, 371, 370
*
  1.9425000E+00, 5.8275000E+00, 4.5200000E-01, 0.0000000E+00
* ELEM  447  circle
 2, 372, 371
*
  1.9425000E+00, 5.8275000E+00, 4.4350000E-01, 0.0000000E+00
* ELEM  448  circle
 2, 373, 372
*
  1.9425000E+00, 5.8275000E+00, 4.3227000E-01, 0.0000000E+00
* ELEM  449  circle
 2, 374, 373
*
  1.9425000E+00, 5.8275000E+00, 3.9668000E-01, 0.0000000E+00
* ELEM  450  circle
 2, 375, 374
*
  1.9425000E+00, 5.8275000E+00, 3.4353000E-01, 0.0000000E+00
* ELEM  451  circle
 2, 376, 375
*
  1.9425000E+00, 5.8275000E+00, 2.8049000E-01, 0.0000000E+00
* ELEM  452  circle
 2, 377, 376
*
  1.9425000E+00, 5.8275000E+00, 1.9834000E-01, 0.0000000E+00
* ELEM  453  line segment
 1, 450, 378
*
  0.0000000E+00, 5.1800000E+00, 1.2950000E+00, 0.0000000E+00
* ELEM  454  line segment
 1, 0, 378
*
  0.0000000E+00, 6.4750000E+00, 0.0000000E+00, -1.2950000E+00
* ELEM  455  circle
 2, 379, 378
*
  6.4750000E-01, 5.8275000E+00, 5.1400000E-01, 0.0000000E+00
* ELEM  456  circle
 2, 380, 379
*
  6.4750000E-01, 5.8275000E+00, 4.5200000E-01, 0.0000000E+00
* ELEM  457  circle
 2, 381, 380
*
  6.4750000E-01, 5.8275000E+00, 4.4350000E-01, 0.0000000E+00
* ELEM  458  circle
 2, 382, 381
*
  6.4750000E-01, 5.8275000E+00, 4.3227000E-01, 0.0000000E+00
* ELEM  459  circle
 2, 383, 382
*
  6.4750000E-01, 5.8275000E+00, 3.9667800E-01, 0.0000000E+00
* ELEM  460  circle
 2, 384, 383
*
  6.4750000E-01, 5.8275000E+00, 3.1360200E-01, 0.0000000E+00
* ELEM  461  line segment
 1, 457, 385
*
  1.1655000E+01, 3.8850000E+00, 1.2950000E+00, 0.0000000E+00
* ELEM  462  line segment
 1, 392, 385
*
  1.1655000E+01, 5.1800000E+00, 0.0000000E+00, -1.2950000E+00
* ELEM  463  line segment
 1, 0, 385
*
  1.2950000E+01, 3.8850000E+00, 0.0000000E+00, 1.2950000E+00
* ELEM  464  circle
 2, 386, 385
*
  1.2302500E+01, 4.5325000E+00, 5.1400000E-01, 0.0000000E+00
* ELEM  465  circle
 2, 387, 386
*
  1.2302500E+01, 4.5325000E+00, 4.5200000E-01, 0.0000000E+00
* ELEM  466  circle
 2, 388, 387
*
  1.2302500E+01, 4.5325000E+00, 4.4350000E-01, 0.0000000E+00
* ELEM  467  circle
 2, 389, 388
*
  1.2302500E+01, 4.5325000E+00, 4.3227000E-01, 0.0000000E+00
* ELEM  468  circle
 2, 390, 389
*
  1.2302500E+01, 4.5325000E+00, 3.9667800E-01, 0.0000000E+00
* ELEM  469  circle
 2, 391, 390
*
  1.2302500E+01, 4.5325000E+00, 3.1360200E-01, 0.0000000E+00
* ELEM  470  line segment
 1, 464, 392
*
  1.0360000E+01, 3.8850000E+00, 1.2950000E+00, 0.0000000E+00
* ELEM  471  line segment
 1, 399, 392
*
  1.0360000E+01, 5.1800000E+00, 0.0000000E+00, -1.2950000E+00
* ELEM  472  circle
 2, 393, 392
*
  1.1007500E+01, 4.5325000E+00, 5.1400000E-01, 0.0000000E+00
* ELEM  473  circle
 2, 394, 393
*
  1.1007500E+01, 4.5325000E+00, 4.5200000E-01, 0.0000000E+00
* ELEM  474  circle
 2, 395, 394
*
  1.1007500E+01, 4.5325000E+00, 4.4350000E-01, 0.0000000E+00
* ELEM  475  circle
 2, 396, 395
*
  1.1007500E+01, 4.5325000E+00, 4.3227000E-01, 0.0000000E+00
* ELEM  476  circle
 2, 397, 396
*
  1.1007500E+01, 4.5325000E+00, 3.9667800E-01, 0.0000000E+00
* ELEM  477  circle
 2, 398, 397
*
  1.1007500E+01, 4.5325000E+00, 3.1360200E-01, 0.0000000E+00
* ELEM  478  line segment
 1, 473, 399
*
  9.0650000E+00, 3.8850000E+00, 1.2950000E+00, 0.0000000E+00
* ELEM  479  line segment
 1, 406, 399
*
  9.0650000E+00, 5.1800000E+00, 0.0000000E+00, -1.2950000E+00
* ELEM  480  circle
 2, 400, 399
*
  9.7125000E+00, 4.5325000E+00, 5.1400000E-01, 0.0000000E+00
* ELEM  481  circle
 2, 401, 400
*
  9.7125000E+00, 4.5325000E+00, 4.5200000E-01, 0.0000000E+00
* ELEM  482  circle
 2, 402, 401
*
  9.7125000E+00, 4.5325000E+00, 4.4350000E-01, 0.0000000E+00
* ELEM  483  circle
 2, 403, 402
*
  9.7125000E+00, 4.5325000E+00, 4.3227000E-01, 0.0000000E+00
* ELEM  484  circle
 2, 404, 403
*
  9.7125000E+00, 4.5325000E+00, 3.9667800E-01, 0.0000000E+00
* ELEM  485  circle
 2, 405, 404
*
  9.7125000E+00, 4.5325000E+00, 3.1360200E-01, 0.0000000E+00
* ELEM  486  line segment
 1, 480, 406
*
  7.7700000E+00, 3.8850000E+00, 1.2950000E+00, 0.0000000E+00
* ELEM  487  line segment
 1, 415, 406
*
  7.7700000E+00, 5.1800000E+00, 0.0000000E+00, -1.2950000E+00
* ELEM  488  circle
 2, 407, 406
*
  8.4175000E+00, 4.5325000E+00, 5.1400000E-01, 0.0000000E+00
* ELEM  489  circle
 2, 408, 407
*
  8.4175000E+00, 4.5325000E+00, 4.5200000E-01, 0.0000000E+00
* ELEM  490  circle
 2, 409, 408
*
  8.4175000E+00, 4.5325000E+00, 4.4350000E-01, 0.0000000E+00
* ELEM  491  circle
 2, 410, 409
*
  8.4175000E+00, 4.5325000E+00, 4.3227000E-01, 0.0000000E+00
* ELEM  492  circle
 2, 411, 410
*
  8.4175000E+00, 4.5325000E+00, 3.9668000E-01, 0.0000000E+00
* ELEM  493  circle
 2, 412, 411
*
  8.4175000E+00, 4.5325000E+00, 3.4353000E-01, 0.0000000E+00
* ELEM  494  circle
 2, 413, 412
*
  8.4175000E+00, 4.5325000E+00, 2.8049000E-01, 0.0000000E+00
* ELEM  495  circle
 2, 414, 413
*
  8.4175000E+00, 4.5325000E+00, 1.9834000E-01, 0.0000000E+00
* ELEM  496  line segment
 1, 487, 415
*
  6.4750000E+00, 3.8850000E+00, 1.2950000E+00, 0.0000000E+00
* ELEM  497  line segment
 1, 422, 415
*
  6.4750000E+00, 5.1800000E+00, 0.0000000E+00, -1.2950000E+00
* ELEM  498  circle
 2, 416, 415
*
  7.1225000E+00, 4.5325000E+00, 5.1400000E-01, 0.0000000E+00
* ELEM  499  circle
 2, 417, 416
*
  7.1225000E+00, 4.5325000E+00, 4.5200000E-01, 0.0000000E+00
* ELEM  500  circle
 2, 418, 417
*
  7.1225000E+00, 4.5325000E+00, 4.4350000E-01, 0.0000000E+00
* ELEM  501  circle
 2, 419, 418
*
  7.1225000E+00, 4.5325000E+00, 4.3227000E-01, 0.0000000E+00
* ELEM  502  circle
 2, 420, 419
*
  7.1225000E+00, 4.5325000E+00, 3.9667800E-01, 0.0000000E+00
* ELEM  503  circle
 2, 421, 420
*
  7.1225000E+00, 4.5325000E+00, 3.1360200E-01, 0.0000000E+00
* ELEM  504  line segment
 1, 496, 422
*
  5.1800000E+00, 3.8850000E+00, 1.2950000E+00, 0.0000000E+00
* ELEM  505  line segment
 1, 429, 422
*
  5.1800000E+00, 5.1800000E+00, 0.0000000E+00, -1.2950000E+00
* ELEM  506  circle
 2, 423, 422
*
  5.8275000E+00, 4.5325000E+00, 5.1400000E-01, 0.0000000E+00
* ELEM  507  circle
 2, 424, 423
*
  5.8275000E+00, 4.5325000E+00, 4.5200000E-01, 0.0000000E+00
* ELEM  508  circle
 2, 425, 424
*
  5.8275000E+00, 4.5325000E+00, 4.4350000E-01, 0.0000000E+00
* ELEM  509  circle
 2, 426, 425
*
  5.8275000E+00, 4.5325000E+00, 4.3227000E-01, 0.0000000E+00
* ELEM  510  circle
 2, 427, 426
*
  5.8275000E+00, 4.5325000E+00, 3.9667800E-01, 0.0000000E+00
* ELEM  511  circle
 2, 428, 427
*
  5.8275000E+00, 4.5325000E+00, 3.1360200E-01, 0.0000000E+00
* ELEM  512  line segment
 1, 503, 429
*
  3.8850000E+00, 3.8850000E+00, 1.2950000E+00, 0.0000000E+00
* ELEM  513  line segment
 1, 436, 429
*
  3.8850000E+00, 5.1800000E+00, 0.0000000E+00, -1.2950000E+00
* ELEM  514  circle
 2, 430, 429
*
  4.5325000E+00, 4.5325000E+00, 5.1400000E-01, 0.0000000E+00
* ELEM  515  circle
 2, 431, 430
*
  4.5325000E+00, 4.5325000E+00, 4.5200000E-01, 0.0000000E+00
* ELEM  516  circle
 2, 432, 431
*
  4.5325000E+00, 4.5325000E+00, 4.4350000E-01, 0.0000000E+00
* ELEM  517  circle
 2, 433, 432
*
  4.5325000E+00, 4.5325000E+00, 4.3227000E-01, 0.0000000E+00
* ELEM  518  circle
 2, 434, 433
*
  4.5325000E+00, 4.5325000E+00, 3.9667800E-01, 0.0000000E+00
* ELEM  519  circle
 2, 435, 434
*
  4.5325000E+00, 4.5325000E+00, 3.1360200E-01, 0.0000000E+00
* ELEM  520  line segment
 1, 510, 436
*
  2.5900000E+00, 3.8850000E+00, 1.2950000E+00, 0.0000000E+00
* ELEM  521  line segment
 1, 443, 436
*
  2.5900000E+00, 5.1800000E+00, 0.0000000E+00, -1.2950000E+00
* ELEM  522  circle
 2, 437, 436
*
  3.2375000E+00, 4.5325000E+00, 5.1400000E-01, 0.0000000E+00
* ELEM  523  circle
 2, 438, 437
*
  3.2375000E+00, 4.5325000E+00, 4.5200000E-01, 0.0000000E+00
* ELEM  524  circle
 2, 439, 438
*
  3.2375000E+00, 4.5325000E+00, 4.4350000E-01, 0.0000000E+00
* ELEM  525  circle
 2, 440, 439
*
  3.2375000E+00, 4.5325000E+00, 4.3227000E-01, 0.0000000E+00
* ELEM  526  circle
 2, 441, 440
*
  3.2375000E+00, 4.5325000E+00, 3.9667800E-01, 0.0000000E+00
* ELEM  527  circle
 2, 442, 441
*
  3.2375000E+00, 4.5325000E+00, 3.1360200E-01, 0.0000000E+00
* ELEM  528  line segment
 1, 517, 443
*
  1.2950000E+00, 3.8850000E+00, 1.2950000E+00, 0.0000000E+00
* ELEM  529  line segment
 1, 450, 443
*
  1.2950000E+00, 5.1800000E+00, 0.0000000E+00, -1.2950000E+00
* ELEM  530  circle
 2, 444, 443
*
  1.9425000E+00, 4.5325000E+00, 5.1400000E-01, 0.0000000E+00
* ELEM  531  circle
 2, 445, 444
*
  1.9425000E+00, 4.5325000E+00, 4.5200000E-01, 0.0000000E+00
* ELEM  532  circle
 2, 446, 445
*
  1.9425000E+00, 4.5325000E+00, 4.4350000E-01, 0.0000000E+00
* ELEM  533  circle
 2, 447, 446
*
  1.9425000E+00, 4.5325000E+00, 4.3227000E-01, 0.0000000E+00
* ELEM  534  circle
 2, 448, 447
*
  1.9425000E+00, 4.5325000E+00, 3.9667800E-01, 0.0000000E+00
* ELEM  535  circle
 2, 449, 448
*
  1.9425000E+00, 4.5325000E+00, 3.1360200E-01, 0.0000000E+00
* ELEM  536  line segment
 1, 526, 450
*
  0.0000000E+00, 3.8850000E+00, 1.2950000E+00, 0.0000000E+00
* ELEM  537  line segment
 1, 0, 450
*
  0.0000000E+00, 5.1800000E+00, 0.0000000E+00, -1.2950000E+00
* ELEM  538  circle
 2, 451, 450
*
  6.4750000E-01, 4.5325000E+00, 5.1400000E-01, 0.0000000E+00
* ELEM  539  circle
 2, 452, 451
*
  6.4750000E-01, 4.5325000E+00, 4.5200000E-01, 0.0000000E+00
* ELEM  540  circle
 2, 453, 452
*
  6.4750000E-01, 4.5325000E+00, 4.4350000E-01, 0.0000000E+00
* ELEM  541  circle
 2, 454, 453
*
  6.4750000E-01, 4.5325000E+00, 4.3227000E-01, 0.0000000E+00
* ELEM  542  circle
 2, 455, 454
*
  6.4750000E-01, 4.5325000E+00, 3.9667800E-01, 0.0000000E+00
* ELEM  543  circle
 2, 456, 455
*
  6.4750000E-01, 4.5325000E+00, 3.1360200E-01, 0.0000000E+00
* ELEM  544  line segment
 1, 533, 457
*
  1.1655000E+01, 2.5900000E+00, 1.2950000E+00, 0.0000000E+00
* ELEM  545  line segment
 1, 464, 457
*
  1.1655000E+01, 3.8850000E+00, 0.0000000E+00, -1.2950000E+00
* ELEM  546  line segment
 1, 0, 457
*
  1.2950000E+01, 2.5900000E+00, 0.0000000E+00, 1.2950000E+00
* ELEM  547  circle
 2, 458, 457
*
  1.2302500E+01, 3.2375000E+00, 5.1400000E-01, 0.0000000E+00
* ELEM  548  circle
 2, 459, 458
*
  1.2302500E+01, 3.2375000E+00, 4.5200000E-01, 0.0000000E+00
* ELEM  549  circle
 2, 460, 459
*
  1.2302500E+01, 3.2375000E+00, 4.4350000E-01, 0.0000000E+00
* ELEM  550  circle
 2, 461, 460
*
  1.2302500E+01, 3.2375000E+00, 4.3227000E-01, 0.0000000E+00
* ELEM  551  circle
 2, 462, 461
*
  1.2302500E+01, 3.2375000E+00, 3.9667800E-01, 0.0000000E+00
* ELEM  552  circle
 2, 463, 462
*
  1.2302500E+01, 3.2375000E+00, 3.1360200E-01, 0.0000000E+00
* ELEM  553  line segment
 1, 540, 464
*
  1.0360000E+01, 2.5900000E+00, 1.2950000E+00, 0.0000000E+00
* ELEM  554  line segment
 1, 473, 464
*
  1.0360000E+01, 3.8850000E+00, 0.0000000E+00, -1.2950000E+00
* ELEM  555  circle
 2, 465, 464
*
  1.1007500E+01, 3.2375000E+00, 5.1400000E-01, 0.0000000E+00
* ELEM  556  circle
 2, 466, 465
*
  1.1007500E+01, 3.2375000E+00, 4.5200000E-01, 0.0000000E+00
* ELEM  557  circle
 2, 467, 466
*
  1.1007500E+01, 3.2375000E+00, 4.4350000E-01, 0.0000000E+00
* ELEM  558  circle
 2, 468, 467
*
  1.1007500E+01, 3.2375000E+00, 4.3227000E-01, 0.0000000E+00
* ELEM  559  circle
 2, 469, 468
*
  1.1007500E+01, 3.2375000E+00, 3.9668000E-01, 0.0000000E+00
* ELEM  560  circle
 2, 470, 469
*
  1.1007500E+01, 3.2375000E+00, 3.4353000E-01, 0.0000000E+00
* ELEM  561  circle
 2, 471, 470
*
  1.1007500E+01, 3.2375000E+00, 2.8049000E-01, 0.0000000E+00
* ELEM  562  circle
 2, 472, 471
*
  1.1007500E+01, 3.2375000E+00, 1.9834000E-01, 0.0000000E+00
* ELEM  563  line segment
 1, 547, 473
*
  9.0650000E+00, 2.5900000E+00, 1.2950000E+00, 0.0000000E+00
* ELEM  564  line segment
 1, 480, 473
*
  9.0650000E+00, 3.8850000E+00, 0.0000000E+00, -1.2950000E+00
* ELEM  565  circle
 2, 474, 473
*
  9.7125000E+00, 3.2375000E+00, 5.1400000E-01, 0.0000000E+00
* ELEM  566  circle
 2, 475, 474
*
  9.7125000E+00, 3.2375000E+00, 4.5200000E-01, 0.0000000E+00
* ELEM  567  circle
 2, 476, 475
*
  9.7125000E+00, 3.2375000E+00, 4.4350000E-01, 0.0000000E+00
* ELEM  568  circle
 2, 477, 476
*
  9.7125000E+00, 3.2375000E+00, 4.3227000E-01, 0.0000000E+00
* ELEM  569  circle
 2, 478, 477
*
  9.7125000E+00, 3.2375000E+00, 3.9667800E-01, 0.0000000E+00
* ELEM  570  circle
 2, 479, 478
*
  9.7125000E+00, 3.2375000E+00, 3.1360200E-01, 0.0000000E+00
* ELEM  571  line segment
 1, 556, 480
*
  7.7700000E+00, 2.5900000E+00, 1.2950000E+00, 0.0000000E+00
* ELEM  572  line segment
 1, 487, 480
*
  7.7700000E+00, 3.8850000E+00, 0.0000000E+00, -1.2950000E+00
* ELEM  573  circle
 2, 481, 480
*
  8.4175000E+00, 3.2375000E+00, 5.1400000E-01, 0.0000000E+00
* ELEM  574  circle
 2, 482, 481
*
  8.4175000E+00, 3.2375000E+00, 4.5200000E-01, 0.0000000E+00
* ELEM  575  circle
 2, 483, 482
*
  8.4175000E+00, 3.2375000E+00, 4.4350000E-01, 0.0000000E+00
* ELEM  576  circle
 2, 484, 483
*
  8.4175000E+00, 3.2375000E+00, 4.3227000E-01, 0.0000000E+00
* ELEM  577  circle
 2, 485, 484
*
  8.4175000E+00, 3.2375000E+00, 3.9667800E-01, 0.0000000E+00
* ELEM  578  circle
 2, 486, 485
*
  8.4175000E+00, 3.2375000E+00, 3.1360200E-01, 0.0000000E+00
* ELEM  579  line segment
 1, 563, 487
*
  6.4750000E+00, 2.5900000E+00, 1.2950000E+00, 0.0000000E+00
* ELEM  580  line segment
 1, 496, 487
*
  6.4750000E+00, 3.8850000E+00, 0.0000000E+00, -1.2950000E+00
* ELEM  581  circle
 2, 488, 487
*
  7.1225000E+00, 3.2375000E+00, 5.1400000E-01, 0.0000000E+00
* ELEM  582  circle
 2, 489, 488
*
  7.1225000E+00, 3.2375000E+00, 4.5200000E-01, 0.0000000E+00
* ELEM  583  circle
 2, 490, 489
*
  7.1225000E+00, 3.2375000E+00, 4.4350000E-01, 0.0000000E+00
* ELEM  584  circle
 2, 491, 490
*
  7.1225000E+00, 3.2375000E+00, 4.3227000E-01, 0.0000000E+00
* ELEM  585  circle
 2, 492, 491
*
  7.1225000E+00, 3.2375000E+00, 3.9668000E-01, 0.0000000E+00
* ELEM  586  circle
 2, 493, 492
*
  7.1225000E+00, 3.2375000E+00, 3.4353000E-01, 0.0000000E+00
* ELEM  587  circle
 2, 494, 493
*
  7.1225000E+00, 3.2375000E+00, 2.8049000E-01, 0.0000000E+00
* ELEM  588  circle
 2, 495, 494
*
  7.1225000E+00, 3.2375000E+00, 1.9834000E-01, 0.0000000E+00
* ELEM  589  line segment
 1, 570, 496
*
  5.1800000E+00, 2.5900000E+00, 1.2950000E+00, 0.0000000E+00
* ELEM  590  line segment
 1, 503, 496
*
  5.1800000E+00, 3.8850000E+00, 0.0000000E+00, -1.2950000E+00
* ELEM  591  circle
 2, 497, 496
*
  5.8275000E+00, 3.2375000E+00, 5.1400000E-01, 0.0000000E+00
* ELEM  592  circle
 2, 498, 497
*
  5.8275000E+00, 3.2375000E+00, 4.5200000E-01, 0.0000000E+00
* ELEM  593  circle
 2, 499, 498
*
  5.8275000E+00, 3.2375000E+00, 4.4350000E-01, 0.0000000E+00
* ELEM  594  circle
 2, 500, 499
*
  5.8275000E+00, 3.2375000E+00, 4.3227000E-01, 0.0000000E+00
* ELEM  595  circle
 2, 501, 500
*
  5.8275000E+00, 3.2375000E+00, 3.9667800E-01, 0.0000000E+00
* ELEM  596  circle
 2, 502, 501
*
  5.8275000E+00, 3.2375000E+00, 3.1360200E-01, 0.0000000E+00
* ELEM  597  line segment
 1, 579, 503
*
  3.8850000E+00, 2.5900000E+00, 1.2950000E+00, 0.0000000E+00
* ELEM  598  line segment
 1, 510, 503
*
  3.8850000E+00, 3.8850000E+00, 0.0000000E+00, -1.2950000E+00
* ELEM  599  circle
 2, 504, 503
*
  4.5325000E+00, 3.2375000E+00, 5.1400000E-01, 0.0000000E+00
* ELEM  600  circle
 2, 505, 504
*
  4.5325000E+00, 3.2375000E+00, 4.5200000E-01, 0.0000000E+00
* ELEM  601  circle
 2, 506, 505
*
  4.5325000E+00, 3.2375000E+00, 4.4350000E-01, 0.0000000E+00
* ELEM  602  circle
 2, 507, 506
*
  4.5325000E+00, 3.2375000E+00, 4.3227000E-01, 0.0000000E+00
* ELEM  603  circle
 2, 508, 507
*
  4.5325000E+00, 3.2375000E+00, 3.9667800E-01, 0.0000000E+00
* ELEM  604  circle
 2, 509, 508
*
  4.5325000E+00, 3.2375000E+00, 3.1360200E-01, 0.0000000E+00
* ELEM  605  line segment
 1, 586, 510
*
  2.5900000E+00, 2.5900000E+00, 1.2950000E+00, 0.0000000E+00
* ELEM  606  line segment
 1, 517, 510
*
  2.5900000E+00, 3.8850000E+00, 0.0000000E+00, -1.2950000E+00
* ELEM  607  circle
 2, 511, 510
*
  3.2375000E+00, 3.2375000E+00, 5.1400000E-01, 0.0000000E+00
* ELEM  608  circle
 2, 512, 511
*
  3.2375000E+00, 3.2375000E+00, 4.5200000E-01, 0.0000000E+00
* ELEM  609  circle
 2, 513, 512
*
  3.2375000E+00, 3.2375000E+00, 4.4350000E-01, 0.0000000E+00
* ELEM  610  circle
 2, 514, 513
*
  3.2375000E+00, 3.2375000E+00, 4.3227000E-01, 0.0000000E+00
* ELEM  611  circle
 2, 515, 514
*
  3.2375000E+00, 3.2375000E+00, 3.9667800E-01, 0.0000000E+00
* ELEM  612  circle
 2, 516, 515
*
  3.2375000E+00, 3.2375000E+00, 3.1360200E-01, 0.0000000E+00
* ELEM  613  line segment
 1, 595, 517
*
  1.2950000E+00, 2.5900000E+00, 1.2950000E+00, 0.0000000E+00
* ELEM  614  line segment
 1, 526, 517
*
  1.2950000E+00, 3.8850000E+00, 0.0000000E+00, -1.2950000E+00
* ELEM  615  circle
 2, 518, 517
*
  1.9425000E+00, 3.2375000E+00, 5.1400000E-01, 0.0000000E+00
* ELEM  616  circle
 2, 519, 518
*
  1.9425000E+00, 3.2375000E+00, 4.5200000E-01, 0.0000000E+00
* ELEM  617  circle
 2, 520, 519
*
  1.9425000E+00, 3.2375000E+00, 4.4350000E-01, 0.0000000E+00
* ELEM  618  circle
 2, 521, 520
*
  1.9425000E+00, 3.2375000E+00, 4.3227000E-01, 0.0000000E+00
* ELEM  619  circle
 2, 522, 521
*
  1.9425000E+00, 3.2375000E+00, 3.9668000E-01, 0.0000000E+00
* ELEM  620  circle
 2, 523, 522
*
  1.9425000E+00, 3.2375000E+00, 3.4353000E-01, 0.0000000E+00
* ELEM  621  circle
 2, 524, 523
*
  1.9425000E+00, 3.2375000E+00, 2.8049000E-01, 0.0000000E+00
* ELEM  622  circle
 2, 525, 524
*
  1.9425000E+00, 3.2375000E+00, 1.9834000E-01, 0.0000000E+00
* ELEM  623  line segment
 1, 602, 526
*
  0.0000000E+00, 2.5900000E+00, 1.2950000E+00, 0.0000000E+00
* ELEM  624  line segment
 1, 0, 526
*
  0.0000000E+00, 3.8850000E+00, 0.0000000E+00, -1.2950000E+00
* ELEM  625  circle
 2, 527, 526
*
  6.4750000E-01, 3.2375000E+00, 5.1400000E-01, 0.0000000E+00
* ELEM  626  circle
 2, 528, 527
*
  6.4750000E-01, 3.2375000E+00, 4.5200000E-01, 0.0000000E+00
* ELEM  627  circle
 2, 529, 528
*
  6.4750000E-01, 3.2375000E+00, 4.4350000E-01, 0.0000000E+00
* ELEM  628  circle
 2, 530, 529
*
  6.4750000E-01, 3.2375000E+00, 4.3227000E-01, 0.0000000E+00
* ELEM  629  circle
 2, 531, 530
*
  6.4750000E-01, 3.2375000E+00, 3.9667800E-01, 0.0000000E+00
* ELEM  630  circle
 2, 532, 531
*
  6.4750000E-01, 3.2375000E+00, 3.1360200E-01, 0.0000000E+00
* ELEM  631  line segment
 1, 609, 533
*
  1.1655000E+01, 1.2950000E+00, 1.2950000E+00, 0.0000000E+00
* ELEM  632  line segment
 1, 540, 533
*
  1.1655000E+01, 2.5900000E+00, 0.0000000E+00, -1.2950000E+00
* ELEM  633  line segment
 1, 0, 533
*
  1.2950000E+01, 1.2950000E+00, 0.0000000E+00, 1.2950000E+00
* ELEM  634  circle
 2, 534, 533
*
  1.2302500E+01, 1.9425000E+00, 5.1400000E-01, 0.0000000E+00
* ELEM  635  circle
 2, 535, 534
*
  1.2302500E+01, 1.9425000E+00, 4.5200000E-01, 0.0000000E+00
* ELEM  636  circle
 2, 536, 535
*
  1.2302500E+01, 1.9425000E+00, 4.4350000E-01, 0.0000000E+00
* ELEM  637  circle
 2, 537, 536
*
  1.2302500E+01, 1.9425000E+00, 4.3227000E-01, 0.0000000E+00
* ELEM  638  circle
 2, 538, 537
*
  1.2302500E+01, 1.9425000E+00, 3.9667800E-01, 0.0000000E+00
* ELEM  639  circle
 2, 539, 538
*
  1.2302500E+01, 1.9425000E+00, 3.1360200E-01, 0.0000000E+00
* ELEM  640  line segment
 1, 616, 540
*
  1.0360000E+01, 1.2950000E+00, 1.2950000E+00, 0.0000000E+00
* ELEM  641  line segment
 1, 547, 540
*
  1.0360000E+01, 2.5900000E+00, 0.0000000E+00, -1.2950000E+00
* ELEM  642  circle
 2, 541, 540
*
  1.1007500E+01, 1.9425000E+00, 5.1400000E-01, 0.0000000E+00
* ELEM  643  circle
 2, 542, 541
*
  1.1007500E+01, 1.9425000E+00, 4.5200000E-01, 0.0000000E+00
* ELEM  644  circle
 2, 543, 542
*
  1.1007500E+01, 1.9425000E+00, 4.4350000E-01, 0.0000000E+00
* ELEM  645  circle
 2, 544, 543
*
  1.1007500E+01, 1.9425000E+00, 4.3227000E-01, 0.0000000E+00
* ELEM  646  circle
 2, 545, 544
*
  1.1007500E+01, 1.9425000E+00, 3.9667800E-01, 0.0000000E+00
* ELEM  647  circle
 2, 546, 545
*
  1.1007500E+01, 1.9425000E+00, 3.1360200E-01, 0.0000000E+00
* ELEM  648  line segment
 1, 623, 547
*
  9.0650000E+00, 1.2950000E+00, 1.2950000E+00, 0.0000000E+00
* ELEM  649  line segment
 1, 556, 547
*
  9.0650000E+00, 2.5900000E+00, 0.0000000E+00, -1.2950000E+00
* ELEM  650  circle
 2, 548, 547
*
  9.7125000E+00, 1.9425000E+00, 5.1400000E-01, 0.0000000E+00
* ELEM  651  circle
 2, 549, 548
*
  9.7125000E+00, 1.9425000E+00, 4.5200000E-01, 0.0000000E+00
* ELEM  652  circle
 2, 550, 549
*
  9.7125000E+00, 1.9425000E+00, 4.4350000E-01, 0.0000000E+00
* ELEM  653  circle
 2, 551, 550
*
  9.7125000E+00, 1.9425000E+00, 4.3227000E-01, 0.0000000E+00
* ELEM  654  circle
 2, 552, 551
*
  9.7125000E+00, 1.9425000E+00, 3.9668000E-01, 0.0000000E+00
* ELEM  655  circle
 2, 553, 552
*
  9.7125000E+00, 1.9425000E+00, 3.4353000E-01, 0.0000000E+00
* ELEM  656  circle
 2, 554, 553
*
  9.7125000E+00, 1.9425000E+00, 2.8049000E-01, 0.0000000E+00
* ELEM  657  circle
 2, 555, 554
*
  9.7125000E+00, 1.9425000E+00, 1.9834000E-01, 0.0000000E+00
* ELEM  658  line segment
 1, 630, 556
*
  7.7700000E+00, 1.2950000E+00, 1.2950000E+00, 0.0000000E+00
* ELEM  659  line segment
 1, 563, 556
*
  7.7700000E+00, 2.5900000E+00, 0.0000000E+00, -1.2950000E+00
* ELEM  660  circle
 2, 557, 556
*
  8.4175000E+00, 1.9425000E+00, 5.1400000E-01, 0.0000000E+00
* ELEM  661  circle
 2, 558, 557
*
  8.4175000E+00, 1.9425000E+00, 4.5200000E-01, 0.0000000E+00
* ELEM  662  circle
 2, 559, 558
*
  8.4175000E+00, 1.9425000E+00, 4.4350000E-01, 0.0000000E+00
* ELEM  663  circle
 2, 560, 559
*
  8.4175000E+00, 1.9425000E+00, 4.3227000E-01, 0.0000000E+00
* ELEM  664  circle
 2, 561, 560
*
  8.4175000E+00, 1.9425000E+00, 3.9667800E-01, 0.0000000E+00
* ELEM  665  circle
 2, 562, 561
*
  8.4175000E+00, 1.9425000E+00, 3.1360200E-01, 0.0000000E+00
* ELEM  666  line segment
 1, 637, 563
*
  6.4750000E+00, 1.2950000E+00, 1.2950000E+00, 0.0000000E+00
* ELEM  667  line segment
 1, 570, 563
*
  6.4750000E+00, 2.5900000E+00, 0.0000000E+00, -1.2950000E+00
* ELEM  668  circle
 2, 564, 563
*
  7.1225000E+00, 1.9425000E+00, 5.1400000E-01, 0.0000000E+00
* ELEM  669  circle
 2, 565, 564
*
  7.1225000E+00, 1.9425000E+00, 4.5200000E-01, 0.0000000E+00
* ELEM  670  circle
 2, 566, 565
*
  7.1225000E+00, 1.9425000E+00, 4.4350000E-01, 0.0000000E+00
* ELEM  671  circle
 2, 567, 566
*
  7.1225000E+00, 1.9425000E+00, 4.3227000E-01, 0.0000000E+00
* ELEM  672  circle
 2, 568, 567
*
  7.1225000E+00, 1.9425000E+00, 3.9667800E-01, 0.0000000E+00
* ELEM  673  circle
 2, 569, 568
*
  7.1225000E+00, 1.9425000E+00, 3.1360200E-01, 0.0000000E+00
* ELEM  674  line segment
 1, 644, 570
*
  5.1800000E+00, 1.2950000E+00, 1.2950000E+00, 0.0000000E+00
* ELEM  675  line segment
 1, 579, 570
*
  5.1800000E+00, 2.5900000E+00, 0.0000000E+00, -1.2950000E+00
* ELEM  676  circle
 2, 571, 570
*
  5.8275000E+00, 1.9425000E+00, 5.1400000E-01, 0.0000000E+00
* ELEM  677  circle
 2, 572, 571
*
  5.8275000E+00, 1.9425000E+00, 4.5200000E-01, 0.0000000E+00
* ELEM  678  circle
 2, 573, 572
*
  5.8275000E+00, 1.9425000E+00, 4.4350000E-01, 0.0000000E+00
* ELEM  679  circle
 2, 574, 573
*
  5.8275000E+00, 1.9425000E+00, 4.3227000E-01, 0.0000000E+00
* ELEM  680  circle
 2, 575, 574
*
  5.8275000E+00, 1.9425000E+00, 3.9668000E-01, 0.0000000E+00
* ELEM  681  circle
 2, 576, 575
*
  5.8275000E+00, 1.9425000E+00, 3.4353000E-01, 0.0000000E+00
* ELEM  682  circle
 2, 577, 576
*
  5.8275000E+00, 1.9425000E+00, 2.8049000E-01, 0.0000000E+00
* ELEM  683  circle
 2, 578, 577
*
  5.8275000E+00, 1.9425000E+00, 1.9834000E-01, 0.0000000E+00
* ELEM  684  line segment
 1, 651, 579
*
  3.8850000E+00, 1.2950000E+00, 1.2950000E+00, 0.0000000E+00
* ELEM  685  line segment
 1, 586, 579
*
  3.8850000E+00, 2.5900000E+00, 0.0000000E+00, -1.2950000E+00
* ELEM  686  circle
 2, 580, 579
*
  4.5325000E+00, 1.9425000E+00, 5.1400000E-01, 0.0000000E+00
* ELEM  687  circle
 2, 581, 580
*
  4.5325000E+00, 1.9425000E+00, 4.5200000E-01, 0.0000000E+00
* ELEM  688  circle
 2, 582, 581
*
  4.5325000E+00, 1.9425000E+00, 4.4350000E-01, 0.0000000E+00
* ELEM  689  circle
 2, 583, 582
*
  4.5325000E+00, 1.9425000E+00, 4.3227000E-01, 0.0000000E+00
* ELEM  690  circle
 2, 584, 583
*
  4.5325000E+00, 1.9425000E+00, 3.9667800E-01, 0.0000000E+00
* ELEM  691  circle
 2, 585, 584
*
  4.5325000E+00, 1.9425000E+00, 3.1360200E-01, 0.0000000E+00
* ELEM  692  line segment
 1, 658, 586
*
  2.5900000E+00, 1.2950000E+00, 1.2950000E+00, 0.0000000E+00
* ELEM  693  line segment
 1, 595, 586
*
  2.5900000E+00, 2.5900000E+00, 0.0000000E+00, -1.2950000E+00
* ELEM  694  circle
 2, 587, 586
*
  3.2375000E+00, 1.9425000E+00, 5.1400000E-01, 0.0000000E+00
* ELEM  695  circle
 2, 588, 587
*
  3.2375000E+00, 1.9425000E+00, 4.5200000E-01, 0.0000000E+00
* ELEM  696  circle
 2, 589, 588
*
  3.2375000E+00, 1.9425000E+00, 4.4350000E-01, 0.0000000E+00
* ELEM  697  circle
 2, 590, 589
*
  3.2375000E+00, 1.9425000E+00, 4.3227000E-01, 0.0000000E+00
* ELEM  698  circle
 2, 591, 590
*
  3.2375000E+00, 1.9425000E+00, 3.9668000E-01, 0.0000000E+00
* ELEM  699  circle
 2, 592, 591
*
  3.2375000E+00, 1.9425000E+00, 3.4353000E-01, 0.0000000E+00
* ELEM  700  circle
 2, 593, 592
*
  3.2375000E+00, 1.9425000E+00, 2.8049000E-01, 0.0000000E+00
* ELEM  701  circle
 2, 594, 593
*
  3.2375000E+00, 1.9425000E+00, 1.9834000E-01, 0.0000000E+00
* ELEM  702  line segment
 1, 665, 595
*
  1.2950000E+00, 1.2950000E+00, 1.2950000E+00, 0.0000000E+00
* ELEM  703  line segment
 1, 602, 595
*
  1.2950000E+00, 2.5900000E+00, 0.0000000E+00, -1.2950000E+00
* ELEM  704  circle
 2, 596, 595
*
  1.9425000E+00, 1.9425000E+00, 5.1400000E-01, 0.0000000E+00
* ELEM  705  circle
 2, 597, 596
*
  1.9425000E+00, 1.9425000E+00, 4.5200000E-01, 0.0000000E+00
* ELEM  706  circle
 2, 598, 597
*
  1.9425000E+00, 1.9425000E+00, 4.4350000E-01, 0.0000000E+00
* ELEM  707  circle
 2, 599, 598
*
  1.9425000E+00, 1.9425000E+00, 4.3227000E-01, 0.0000000E+00
* ELEM  708  circle
 2, 600, 599
*
  1.9425000E+00, 1.9425000E+00, 3.9667800E-01, 0.0000000E+00
* ELEM  709  circle
 2, 601, 600
*
  1.9425000E+00, 1.9425000E+00, 3.1360200E-01, 0.0000000E+00
* ELEM  710  line segment
 1, 672, 602
*
  0.0000000E+00, 1.2950000E+00, 1.2950000E+00, 0.0000000E+00
* ELEM  711  line segment
 1, 0, 602
*
  0.0000000E+00, 2.5900000E+00, 0.0000000E+00, -1.2950000E+00
* ELEM  712  circle
 2, 603, 602
*
  6.4750000E-01, 1.9425000E+00, 5.1400000E-01, 0.0000000E+00
* ELEM  713  circle
 2, 604, 603
*
  6.4750000E-01, 1.9425000E+00, 4.5200000E-01, 0.0000000E+00
* ELEM  714  circle
 2, 605, 604
*
  6.4750000E-01, 1.9425000E+00, 4.4350000E-01, 0.0000000E+00
* ELEM  715  circle
 2, 606, 605
*
  6.4750000E-01, 1.9425000E+00, 4.3227000E-01, 0.0000000E+00
* ELEM  716  circle
 2, 607, 606
*
  6.4750000E-01, 1.9425000E+00, 3.9667800E-01, 0.0000000E+00
* ELEM  717  circle
 2, 608, 607
*
  6.4750000E-01, 1.9425000E+00, 3.1360200E-01, 0.0000000E+00
* ELEM  718  line segment
 1, 0, 609
*
  1.1655000E+01, 0.0000000E+00, 1.2950000E+00, 0.0000000E+00
* ELEM  719  line segment
 1, 616, 609
*
  1.1655000E+01, 1.2950000E+00, 0.0000000E+00, -1.2950000E+00
* ELEM  720  line segment
 1, 0, 609
*
  1.2950000E+01, 0.0000000E+00, 0.0000000E+00, 1.2950000E+00
* ELEM  721  circle
 2, 610, 609
*
  1.2302500E+01, 6.4750000E-01, 5.1400000E-01, 0.0000000E+00
* ELEM  722  circle
 2, 611, 610
*
  1.2302500E+01, 6.4750000E-01, 4.5200000E-01, 0.0000000E+00
* ELEM  723  circle
 2, 612, 611
*
  1.2302500E+01, 6.4750000E-01, 4.4350000E-01, 0.0000000E+00
* ELEM  724  circle
 2, 613, 612
*
  1.2302500E+01, 6.4750000E-01, 4.3227000E-01, 0.0000000E+00
* ELEM  725  circle
 2, 614, 613
*
  1.2302500E+01, 6.4750000E-01, 3.9667800E-01, 0.0000000E+00
* ELEM  726  circle
 2, 615, 614
*
  1.2302500E+01, 6.4750000E-01, 3.1360200E-01, 0.0000000E+00
* ELEM  727  line segment
 1, 0, 616
*
  1.0360000E+01, 0.0000000E+00, 1.2950000E+00, 0.0000000E+00
* ELEM  728  line segment
 1, 623, 616
*
  1.0360000E+01, 1.2950000E+00, 0.0000000E+00, -1.2950000E+00
* ELEM  729  circle
 2, 617, 616
*
  1.1007500E+01, 6.4750000E-01, 5.1400000E-01, 0.0000000E+00
* ELEM  730  circle
 2, 618, 617
*
  1.1007500E+01, 6.4750000E-01, 4.5200000E-01, 0.0000000E+00
* ELEM  731  circle
 2, 619, 618
*
  1.1007500E+01, 6.4750000E-01, 4.4350000E-01, 0.0000000E+00
* ELEM  732  circle
 2, 620, 619
*
  1.1007500E+01, 6.4750000E-01, 4.3227000E-01, 0.0000000E+00
* ELEM  733  circle
 2, 621, 620
*
  1.1007500E+01, 6.4750000E-01, 3.9667800E-01, 0.0000000E+00
* ELEM  734  circle
 2, 622, 621
*
  1.1007500E+01, 6.4750000E-01, 3.1360200E-01, 0.0000000E+00
* ELEM  735  line segment
 1, 0, 623
*
  9.0650000E+00, 0.0000000E+00, 1.2950000E+00, 0.0000000E+00
* ELEM  736  line segment
 1, 630, 623
*
  9.0650000E+00, 1.2950000E+00, 0.0000000E+00, -1.2950000E+00
* ELEM  737  circle
 2, 624, 623
*
  9.7125000E+00, 6.4750000E-01, 5.1400000E-01, 0.0000000E+00
* ELEM  738  circle
 2, 625, 624
*
  9.7125000E+00, 6.4750000E-01, 4.5200000E-01, 0.0000000E+00
* ELEM  739  circle
 2, 626, 625
*
  9.7125000E+00, 6.4750000E-01, 4.4350000E-01, 0.0000000E+00
* ELEM  740  circle
 2, 627, 626
*
  9.7125000E+00, 6.4750000E-01, 4.3227000E-01, 0.0000000E+00
* ELEM  741  circle
 2, 628, 627
*
  9.7125000E+00, 6.4750000E-01, 3.9667800E-01, 0.0000000E+00
* ELEM  742  circle
 2, 629, 628
*
  9.7125000E+00, 6.4750000E-01, 3.1360200E-01, 0.0000000E+00
* ELEM  743  line segment
 1, 0, 630
*
  7.7700000E+00, 0.0000000E+00, 1.2950000E+00, 0.0000000E+00
* ELEM  744  line segment
 1, 637, 630
*
  7.7700000E+00, 1.2950000E+00, 0.0000000E+00, -1.2950000E+00
* ELEM  745  circle
 2, 631, 630
*
  8.4175000E+00, 6.4750000E-01, 5.1400000E-01, 0.0000000E+00
* ELEM  746  circle
 2, 632, 631
*
  8.4175000E+00, 6.4750000E-01, 4.5200000E-01, 0.0000000E+00
* ELEM  747  circle
 2, 633, 632
*
  8.4175000E+00, 6.4750000E-01, 4.4350000E-01, 0.0000000E+00
* ELEM  748  circle
 2, 634, 633
*
  8.4175000E+00, 6.4750000E-01, 4.3227000E-01, 0.0000000E+00
* ELEM  749  circle
 2, 635, 634
*
  8.4175000E+00, 6.4750000E-01, 3.9667800E-01, 0.0000000E+00
* ELEM  750  circle
 2, 636, 635
*
  8.4175000E+00, 6.4750000E-01, 3.1360200E-01, 0.0000000E+00
* ELEM  751  line segment
 1, 0, 637
*
  6.4750000E+00, 0.0000000E+00, 1.2950000E+00, 0.0000000E+00
* ELEM  752  line segment
 1, 644, 637
*
  6.4750000E+00, 1.2950000E+00, 0.0000000E+00, -1.2950000E+00
* ELEM  753  circle
 2, 638, 637
*
  7.1225000E+00, 6.4750000E-01, 5.1400000E-01, 0.0000000E+00
* ELEM  754  circle
 2, 639, 638
*
  7.1225000E+00, 6.4750000E-01, 4.5200000E-01, 0.0000000E+00
* ELEM  755  circle
 2, 640, 639
*
  7.1225000E+00, 6.4750000E-01, 4.4350000E-01, 0.0000000E+00
* ELEM  756  circle
 2, 641, 640
*
  7.1225000E+00, 6.4750000E-01, 4.3227000E-01, 0.0000000E+00
* ELEM  757  circle
 2, 642, 641
*
  7.1225000E+00, 6.4750000E-01, 3.9667800E-01, 0.0000000E+00
* ELEM  758  circle
 2, 643, 642
*
  7.1225000E+00, 6.4750000E-01, 3.1360200E-01, 0.0000000E+00
* ELEM  759  line segment
 1, 0, 644
*
  5.1800000E+00, 0.0000000E+00, 1.2950000E+00, 0.0000000E+00
* ELEM  760  line segment
 1, 651, 644
*
  5.1800000E+00, 1.2950000E+00, 0.0000000E+00, -1.2950000E+00
* ELEM  761  circle
 2, 645, 644
*
  5.8275000E+00, 6.4750000E-01, 5.1400000E-01, 0.0000000E+00
* ELEM  762  circle
 2, 646, 645
*
  5.8275000E+00, 6.4750000E-01, 4.5200000E-01, 0.0000000E+00
* ELEM  763  circle
 2, 647, 646
*
  5.8275000E+00, 6.4750000E-01, 4.4350000E-01, 0.0000000E+00
* ELEM  764  circle
 2, 648, 647
*
  5.8275000E+00, 6.4750000E-01, 4.3227000E-01, 0.0000000E+00
* ELEM  765  circle
 2, 649, 648
*
  5.8275000E+00, 6.4750000E-01, 3.9667800E-01, 0.0000000E+00
* ELEM  766  circle
 2, 650, 649
*
  5.8275000E+00, 6.4750000E-01, 3.1360200E-01, 0.0000000E+00
* ELEM  767  line segment
 1, 0, 651
*
  3.8850000E+00, 0.0000000E+00, 1.2950000E+00, 0.0000000E+00
* ELEM  768  line segment
 1, 658, 651
*
  3.8850000E+00, 1.2950000E+00, 0.0000000E+00, -1.2950000E+00
* ELEM  769  circle
 2, 652, 651
*
  4.5325000E+00, 6.4750000E-01, 5.1400000E-01, 0.0000000E+00
* ELEM  770  circle
 2, 653, 652
*
  4.5325000E+00, 6.4750000E-01, 4.5200000E-01, 0.0000000E+00
* ELEM  771  circle
 2, 654, 653
*
  4.5325000E+00, 6.4750000E-01, 4.4350000E-01, 0.0000000E+00
* ELEM  772  circle
 2, 655, 654
*
  4.5325000E+00, 6.4750000E-01, 4.3227000E-01, 0.0000000E+00
* ELEM  773  circle
 2, 656, 655
*
  4.5325000E+00, 6.4750000E-01, 3.9667800E-01, 0.0000000E+00
* ELEM  774  circle
 2, 657, 656
*
  4.5325000E+00, 6.4750000E-01, 3.1360200E-01, 0.0000000E+00
* ELEM  775  line segment
 1, 0, 658
*
  2.5900000E+00, 0.0000000E+00, 1.2950000E+00, 0.0000000E+00
* ELEM  776  line segment
 1, 665, 658
*
  2.5900000E+00, 1.2950000E+00, 0.0000000E+00, -1.2950000E+00
* ELEM  777  circle
 2, 659, 658
*
  3.2375000E+00, 6.4750000E-01, 5.1400000E-01, 0.0000000E+00
* ELEM  778  circle
 2, 660, 659
*
  3.2375000E+00, 6.4750000E-01, 4.5200000E-01, 0.0000000E+00
* ELEM  779  circle
 2, 661, 660
*
  3.2375000E+00, 6.4750000E-01, 4.4350000E-01, 0.0000000E+00
* ELEM  780  circle
 2, 662, 661
*
  3.2375000E+00, 6.4750000E-01, 4.3227000E-01, 0.0000000E+00
* ELEM  781  circle
 2, 663, 662
*
  3.2375000E+00, 6.4750000E-01, 3.9667800E-01, 0.0000000E+00
* ELEM  782  circle
 2, 664, 663
*
  3.2375000E+00, 6.4750000E-01, 3.1360200E-01, 0.0000000E+00
* ELEM  783  line segment
 1, 0, 665
*
  1.2950000E+00, 0.0000000E+00, 1.2950000E+00, 0.0000000E+00
* ELEM  784  line segment
 1, 672, 665
*
  1.2950000E+00, 1.2950000E+00, 0.0000000E+00, -1.2950000E+00
* ELEM  785  circle
 2, 666, 665
*
  1.9425000E+00, 6.4750000E-01, 5.1400000E-01, 0.0000000E+00
* ELEM  786  circle
 2, 667, 666
*
  1.9425000E+00, 6.4750000E-01, 4.5200000E-01, 0.0000000E+00
* ELEM  787  circle
 2, 668, 667
*
  1.9425000E+00, 6.4750000E-01, 4.4350000E-01, 0.0000000E+00
* ELEM  788  circle
 2, 669, 668
*
  1.9425000E+00, 6.4750000E-01, 4.3227000E-01, 0.0000000E+00
* ELEM  789  circle
 2, 670, 669
*
  1.9425000E+00, 6.4750000E-01, 3.9667800E-01, 0.0000000E+00
* ELEM  790  circle
 2, 671, 670
*
  1.9425000E+00, 6.4750000E-01, 3.1360200E-01, 0.0000000E+00
* ELEM  791  line segment
 1, 0, 672
*
  0.0000000E+00, 0.0000000E+00, 1.2950000E+00, 0.0000000E+00
* ELEM  792  line segment
 1, 0, 672
*
  0.0000000E+00, 1.2950000E+00, 0.0000000E+00, -1.2950000E+00
* ELEM  793  circle
 2, 673, 672
*
  6.4750000E-01, 6.4750000E-01, 5.1400000E-01, 0.0000000E+00
* ELEM  794  circle
 2, 674, 673
*
  6.4750000E-01, 6.4750000E-01, 4.5200000E-01, 0.0000000E+00
* ELEM  795  circle
 2, 675, 674
*
  6.4750000E-01, 6.4750000E-01, 4.4350000E-01, 0.0000000E+00
* ELEM  796  circle
 2, 676, 675
*
  6.4750000E-01, 6.4750000E-01, 4.3227000E-01, 0.0000000E+00
* ELEM  797  circle
 2, 677, 676
*
  6.4750000E-01, 6.4750000E-01, 3.9667800E-01, 0.0000000E+00
* ELEM  798  circle
 2, 678, 677
*
  6.4750000E-01, 6.4750000E-01, 3.1360200E-01, 0.0000000E+00
* boundaries conditions: defaul nbbcda allsur
  0, 0, 0
* albedo
  1.0
#  1 - COOLANT
#  2 - CLAD
#  3 - GAP
#  4 - 24UOX
#  5 - 32UOX
#  6 - 42UOX
#  7 - 45UOX
#  8 - 42Gd
#  9 - 45Gd
# 10 - 50UOX
# 11 - 48UOX
# 12 - MODERATOR
* medium number per region
  1
  2
  3
  4
  4
  4
  4
  1
  2
  3
  5
  5
  5
  5
  1
  2
  3
  6
  6
  6
  6
  1
  2
  3
  7
  7
  7
  7
  1
  2
  3
  7
  7
  7
  7
  1
  2
  3
  7
  7
  7
  7
  1
  2
  3
  7
  7
  7
  7
  1
  2
  3
  6
  6
  6
  6
  1
  2
  3
  5
  5
  5
  5
  1
  2
  3
  4
  4
  4
  4
  1
  2
  3
  5
  5
  5
  5
  1
  2
  3
  7
  7
  7
  7
  1
  2
  3
  8
  8
  8
  8
  8
  8
  1
  2
  3
  7
  7
  7
  7
  1
  2
  3
  9
  9
  9
  9
  9
  9
  1
  2
  3
  10
  10
  10
  10
  1
  2
  3
  11
  11
  11
  11
  1
  2
  3
  9
  9
  9
  9
  9
  9
  1
  2
  3
  7
  7
  7
  7
  1
  2
  3
  5
  5
  5
  5
  1
  2
  3
  6
  6
  6
  6
  1
  2
  3
  8
  8
  8
  8
  8
  8
  1
  2
  3
  7
  7
  7
  7
  1
  2
  3
  7
  7
  7
  7
  1
  2
  3
  6
  6
  6
  6
  1
  2
  3
  7
  7
  7
  7
  1
  2
  3
  10
  10
  10
  10
  1
  2
  3
  10
  10
  10
  10
  1
  2
  3
  9
  9
  9
  9
  9
  9
  1
  2
  3
  6
  6
  6
  6
  1
  2
  3
  7
  7
  7
  7
  1
  2
  3
  7
  7
  7
  7
  1
  2
  3
  7
  7
  7
  7
  12
  12
  12
  1
  2
  3
  9
  9
  9
  9
  9
  9
  1
  2
  3
  10
  10
  10
  10
  1
  2
  3
  10
  10
  10
  10
  1
  2
  3
  7
  7
  7
  7
  1
  2
  3
  7
  7
  7
  7
  1
  2
  3
  9
  9
  9
  9
  9
  9
  1
  2
  3
  6
  6
  6
  6
  12
  12
  12
  1
  2
  3
  10
  10
  10
  10
  1
  2
  3
  9
  9
  9
  9
  9
  9
  1
  2
  3
  10
  10
  10
  10
  1
  2
  3
  11
  11
  11
  11
  1
  2
  3
  7
  7
  7
  7
  1
  2
  3
  10
  10
  10
  10
  1
  2
  3
  7
  7
  7
  7
  12
  12
  12
  1
  2
  3
  10
  10
  10
  10
  1
  2
  3
  10
  10
  10
  10
  1
  2
  3
  9
  9
  9
  9
  9
  9
  1
  2
  3
  10
  10
  10
  10
  1
  2
  3
  7
  7
  7
  7
  1
  2
  3
  11
  11
  11
  11
  1
  2
  3
  10
  10
  10
  10
  1
  2
  3
  9
  9
  9
  9
  9
  9
  1
  2
  3
  10
  10
  10
  10
  1
  2
  3
  10
  10
  10
  10
  1
  2
  3
  10
  10
  10
  10
  1
  2
  3
  10
  10
  10
  10
  1
  2
  3
  10
  10
  10
  10
  1
  2
  3
  11
  11
  11
  11
  1
  2
  3
  6
  6
  6
  6
  1
  2
  3
  9
  9
  9
  9
  9
  9
  1
  2
  3
  10
  10
  10
  10
  1
  2
  3
  10
  10
  10
  10
  1
  2
  3
  9
  9
  9
  9
  9
  9
  1
  2
  3
  10
  10
  10
  10
  1
  2
  3
  10
  10
  10
  10
  1
  2
  3
  10
  10
  10
  10
  1
  2
  3
  9
  9
  9
  9
  9
  9
  1
  2
  3
  6
  6
  6
  6
  1
  2
  3
  5
  5
  5
  5
  1
  2
  3
  7
  7
  7
  7
  1
  2
  3
  9
  9
  9
  9
  9
  9
  1
  2
  3
  10
  10
  10
  10
  1
  2
  3
  10
  10
  10
  10
  1
  2
  3
  9
  9
  9
  9
  9
  9
  1
  2
  3
  10
  10
  10
  10
  1
  2
  3
  9
  9
  9
  9
  9
  9
  1
  2
  3
  7
  7
  7
  7
  1
  2
  3
  5
  5
  5
  5
  1
  2
  3
  4
  4
  4
  4
  1
  2
  3
  5
  5
  5
  5
  1
  2
  3
  6
  6
  6
  6
  1
  2
  3
  7
  7
  7
  7
  1
  2
  3
  11
  11
  11
  11
  1
  2
  3
  10
  10
  10
  10
  1
  2
  3
  11
  11
  11
  11
  1
  2
  3
  6
  6
  6
  6
  1
  2
  3
  5
  5
  5
  5
  1
  2
  3
  4
  4
  4
  4
------------------------------------------------------------
   this is the last line generated by conversion
