
	dat input file for DRAGON5
------------------------------------------------------------


* typge, nbfo, node, elem, macr, nreg,    z, mac2
      0,    0,   710,   868,   103,  710,     0,     1
* index  kindex
      0       0  1
*     eps    eps0
  1.000000E-05   1.000000E-05
*   flux region number per geometry region (mesh)
   1,   2,   3,   4,   5,   6,   7,   8,   9,  10,  11,  12,
  13,  14,  15,  16,  17,  18,  19,  20,  21,  22,  23,  24,
  25,  26,  27,  28,  29,  30,  31,  32,  33,  34,  35,  36,
  37,  38,  39,  40,  41,  42,  43,  44,  45,  46,  47,  48,
  49,  50,  51,  52,  53,  54,  55,  56,  57,  58,  59,  60,
  61,  62,  63,  64,  65,  66,  67,  68,  69,  70,  71,  72,
  73,  74,  75,  76,  77,  78,  79,  80,  81,  82,  83,  84,
  85,  86,  87,  88,  89,  90,  91,  92,  93,  94,  95,  96,
  97,  98,  99, 100, 101, 102, 103, 104, 105, 106, 107, 108,
 109, 110, 111, 112, 113, 114, 115, 116, 117, 118, 119, 120,
 121, 122, 123, 124, 125, 126, 127, 128, 129, 130, 131, 132,
 133, 134, 135, 136, 137, 138, 139, 140, 141, 142, 143, 144,
 145, 146, 147, 148, 149, 150, 151, 152, 153, 154, 155, 156,
 157, 158, 159, 160, 161, 162, 163, 164, 165, 166, 167, 168,
 169, 170, 171, 172, 173, 174, 175, 176, 177, 178, 179, 180,
 181, 182, 183, 184, 185, 186, 187, 188, 189, 190, 191, 192,
 193, 194, 195, 196, 197, 198, 199, 200, 201, 202, 203, 204,
 205, 206, 207, 208, 209, 210, 211, 212, 213, 214, 215, 216,
 217, 218, 219, 220, 221, 222, 223, 224, 225, 226, 227, 228,
 229, 230, 231, 232, 233, 234, 235, 236, 237, 238, 239, 240,
 241, 242, 243, 244, 245, 246, 247, 248, 249, 250, 251, 252,
 253, 254, 255, 256, 257, 258, 259, 260, 261, 262, 263, 264,
 265, 266, 267, 268, 269, 270, 271, 272, 273, 274, 275, 276,
 277, 278, 279, 280, 281, 282, 283, 284, 285, 286, 287, 288,
 289, 290, 291, 292, 293, 294, 295, 296, 297, 298, 299, 300,
 301, 302, 303, 304, 305, 306, 307, 308, 309, 310, 311, 312,
 313, 314, 315, 316, 317, 318, 319, 320, 321, 322, 323, 324,
 325, 326, 327, 328, 329, 330, 331, 332, 333, 334, 335, 336,
 337, 338, 339, 340, 341, 342, 343, 344, 345, 346, 347, 348,
 349, 350, 351, 352, 353, 354, 355, 356, 357, 358, 359, 360,
 361, 362, 363, 364, 365, 366, 367, 368, 369, 370, 371, 372,
 373, 374, 375, 376, 377, 378, 379, 380, 381, 382, 383, 384,
 385, 386, 387, 388, 389, 390, 391, 392, 393, 394, 395, 396,
 397, 398, 399, 400, 401, 402, 403, 404, 405, 406, 407, 408,
 409, 410, 411, 412, 413, 414, 415, 416, 417, 418, 419, 420,
 421, 422, 423, 424, 425, 426, 427, 428, 429, 430, 431, 432,
 433, 434, 435, 436, 437, 438, 439, 440, 441, 442, 443, 444,
 445, 446, 447, 448, 449, 450, 451, 452, 453, 454, 455, 456,
 457, 458, 459, 460, 461, 462, 463, 464, 465, 466, 467, 468,
 469, 470, 471, 472, 473, 474, 475, 476, 477, 478, 479, 480,
 481, 482, 483, 484, 485, 486, 487, 488, 489, 490, 491, 492,
 493, 494, 495, 496, 497, 498, 499, 500, 501, 502, 503, 504,
 505, 506, 507, 508, 509, 510, 511, 512, 513, 514, 515, 516,
 517, 518, 519, 520, 521, 522, 523, 524, 525, 526, 527, 528,
 529, 530, 531, 532, 533, 534, 535, 536, 537, 538, 539, 540,
 541, 542, 543, 544, 545, 546, 547, 548, 549, 550, 551, 552,
 553, 554, 555, 556, 557, 558, 559, 560, 561, 562, 563, 564,
 565, 566, 567, 568, 569, 570, 571, 572, 573, 574, 575, 576,
 577, 578, 579, 580, 581, 582, 583, 584, 585, 586, 587, 588,
 589, 590, 591, 592, 593, 594, 595, 596, 597, 598, 599, 600,
 601, 602, 603, 604, 605, 606, 607, 608, 609, 610, 611, 612,
 613, 614, 615, 616, 617, 618, 619, 620, 621, 622, 623, 624,
 625, 626, 627, 628, 629, 630, 631, 632, 633, 634, 635, 636,
 637, 638, 639, 640, 641, 642, 643, 644, 645, 646, 647, 648,
 649, 650, 651, 652, 653, 654, 655, 656, 657, 658, 659, 660,
 661, 662, 663, 664, 665, 666, 667, 668, 669, 670, 671, 672,
 673, 674, 675, 676, 677, 678, 679, 680, 681, 682, 683, 684,
 685, 686, 687, 688, 689, 690, 691, 692, 693, 694, 695, 696,
 697, 698, 699, 700, 701, 702, 703, 704, 705, 706, 707, 708,
 709, 710
*   names of macros
 WATER_ROD_2_MACRO_4 WATER_ROD_2_MACRO_2 WATER_ROD_2_MACRO_3 WATER_ROD_2_MACRO_1
 WATER_ROD_1_MACRO_4 WATER_ROD_1_MACRO_2 WATER_ROD_1_MACRO_3 WATER_ROD_1_MACRO_1
 MACRO99 MACRO98 MACRO97 MACRO96
 MACRO95 MACRO94 MACRO93 MACRO92
 MACRO91 MACRO90 MACRO89 MACRO88
 MACRO87 MACRO86 MACRO85 MACRO84
 MACRO83 MACRO82 MACRO81 MACRO80
 MACRO79 MACRO78 MACRO77 MACRO76
 MACRO75 MACRO74 MACRO73 MACRO72
 MACRO71 MACRO70 MACRO69 MACRO68
 MACRO67 MACRO64 MACRO63 MACRO62
 MACRO61 MACRO60 MACRO59 MACRO58
 MACRO57 MACRO54 MACRO53 MACRO52
 MACRO51 MACRO50 MACRO49 MACRO48
 MACRO47 MACRO46 MACRO45 MACRO42
 MACRO41 MACRO40 MACRO39 MACRO38
 MACRO37 MACRO36 MACRO35 MACRO32
 MACRO31 MACRO30 MACRO29 MACRO28
 MACRO27 MACRO26 MACRO25 MACRO24
 MACRO23 MACRO22 MACRO21 MACRO20
 MACRO19 MACRO18 MACRO17 MACRO16
 MACRO15 MACRO14 MACRO13 MACRO12
 MACRO11 MACRO10 MACRO09 MACRO08
 MACRO07 MACRO06 MACRO05 MACRO04
 MACRO03 MACRO02 MACRO01 MACRO00
 MACRO_ASSEMBLY_MODERATOR MACRO_CHANNEL_BOX MACRO_INTRA_ASSEMBLY_COOLANT
*   macro order number per flux region
  1,  2,  3,  4,  4,  2,  3,  1,  4,  2,  3,  1,
  5,  6,  7,  8,  8,  6,  7,  5,  8,  6,  7,  5,
  9,  9,  9,  9,  9,  9,  9, 10, 10, 10, 10, 10,
 10, 10, 11, 11, 11, 11, 11, 11, 11, 12, 12, 12,
 12, 12, 12, 12, 13, 13, 13, 13, 13, 13, 13, 14,
 14, 14, 14, 14, 14, 14, 15, 15, 15, 15, 15, 15,
 15, 16, 16, 16, 16, 16, 16, 16, 17, 17, 17, 17,
 17, 17, 17, 18, 18, 18, 18, 18, 18, 18, 19, 19,
 19, 19, 19, 19, 19, 20, 20, 20, 20, 20, 20, 20,
 21, 21, 21, 21, 21, 21, 21, 21, 21, 22, 22, 22,
 22, 22, 22, 22, 23, 23, 23, 23, 23, 23, 23, 23,
 23, 24, 24, 24, 24, 24, 24, 24, 25, 25, 25, 25,
 25, 25, 25, 26, 26, 26, 26, 26, 26, 26, 27, 27,
 27, 27, 27, 27, 27, 28, 28, 28, 28, 28, 28, 28,
 29, 29, 29, 29, 29, 29, 29, 30, 30, 30, 30, 30,
 30, 30, 30, 30, 31, 31, 31, 31, 31, 31, 31, 32,
 32, 32, 32, 32, 32, 32, 32, 32, 33, 33, 33, 33,
 33, 33, 33, 34, 34, 34, 34, 34, 34, 34, 34, 34,
 35, 35, 35, 35, 35, 35, 35, 36, 36, 36, 36, 36,
 36, 36, 36, 36, 37, 37, 37, 37, 37, 37, 37, 38,
 38, 38, 38, 38, 38, 38, 39, 39, 39, 39, 39, 39,
 39, 40, 40, 40, 40, 40, 40, 40, 41, 41, 41, 41,
 41, 41, 41, 42, 42, 42, 42, 42, 42, 42, 43, 43,
 43, 43, 43, 43, 43, 43, 43, 44, 44, 44, 44, 44,
 44, 44, 45, 45, 45, 45, 45, 45, 45, 46, 46, 46,
 46, 46, 46, 46, 47, 47, 47, 47, 47, 47, 47, 48,
 48, 48, 48, 48, 48, 48, 49, 49, 49, 49, 49, 49,
 49, 50, 50, 50, 50, 50, 50, 50, 51, 51, 51, 51,
 51, 51, 51, 52, 52, 52, 52, 52, 52, 52, 52, 52,
 53, 53, 53, 53, 53, 53, 53, 54, 54, 54, 54, 54,
 54, 54, 55, 55, 55, 55, 55, 55, 55, 56, 56, 56,
 56, 56, 56, 56, 56, 56, 57, 57, 57, 57, 57, 57,
 57, 58, 58, 58, 58, 58, 58, 58, 59, 59, 59, 59,
 59, 59, 59, 60, 60, 60, 60, 60, 60, 60, 61, 61,
 61, 61, 61, 61, 61, 61, 61, 62, 62, 62, 62, 62,
 62, 62, 63, 63, 63, 63, 63, 63, 63, 64, 64, 64,
 64, 64, 64, 64, 65, 65, 65, 65, 65, 65, 65, 65,
 65, 66, 66, 66, 66, 66, 66, 66, 67, 67, 67, 67,
 67, 67, 67, 68, 68, 68, 68, 68, 68, 68, 68, 68,
 69, 69, 69, 69, 69, 69, 69, 70, 70, 70, 70, 70,
 70, 70, 71, 71, 71, 71, 71, 71, 71, 72, 72, 72,
 72, 72, 72, 72, 72, 72, 73, 73, 73, 73, 73, 73,
 73, 74, 74, 74, 74, 74, 74, 74, 74, 74, 75, 75,
 75, 75, 75, 75, 75, 76, 76, 76, 76, 76, 76, 76,
 77, 77, 77, 77, 77, 77, 77, 78, 78, 78, 78, 78,
 78, 78, 79, 79, 79, 79, 79, 79, 79, 79, 79, 80,
 80, 80, 80, 80, 80, 80, 81, 81, 81, 81, 81, 81,
 81, 82, 82, 82, 82, 82, 82, 82, 83, 83, 83, 83,
 83, 83, 83, 83, 83, 84, 84, 84, 84, 84, 84, 84,
 85, 85, 85, 85, 85, 85, 85, 85, 85, 86, 86, 86,
 86, 86, 86, 86, 87, 87, 87, 87, 87, 87, 87, 88,
 88, 88, 88, 88, 88, 88, 88, 88, 89, 89, 89, 89,
 89, 89, 89, 90, 90, 90, 90, 90, 90, 90, 91, 91,
 91, 91, 91, 91, 91, 92, 92, 92, 92, 92, 92, 92,
 93, 93, 93, 93, 93, 93, 93, 94, 94, 94, 94, 94,
 94, 94, 95, 95, 95, 95, 95, 95, 95, 96, 96, 96,
 96, 96, 96, 96, 97, 97, 97, 97, 97, 97, 97, 98,
 98, 98, 98, 98, 98, 98, 99, 99, 99, 99, 99, 99,
 99, 100, 100, 100, 100, 100, 100, 100, 101, 102, 103, 103,
 103, 103
   elements
* ELEM  1  line segment
 1, 0, 705
*
  0.0000000E+00, 0.0000000E+00, 1.5240000E+01, 0.0000000E+00
* ELEM  2  line segment
 1, 0, 705
*
  0.0000000E+00, 1.5240000E+01, 0.0000000E+00, -1.5240000E+01
* ELEM  3  line segment
 1, 0, 705
*
  1.5240000E+01, 0.0000000E+00, 0.0000000E+00, 1.5240000E+01
* ELEM  4  line segment
 1, 0, 705
*
  1.5240000E+01, 1.5240000E+01, -1.5240000E+01, 0.0000000E+00
* ELEM  5  circular arc
 3, 706, 705
*
  1.8852000E+00, 1.8852000E+00, 1.1303000E+00, 1.8000000E+02, 9.0000000E+01
* ELEM  6  line segment
 1, 705, 706
*
  1.8852000E+00, 7.5490000E-01, 1.1469600E+01, 0.0000000E+00
* ELEM  7  circular arc
 3, 706, 705
*
  1.3354800E+01, 1.8852000E+00, 1.1303000E+00, 2.7000000E+02, 9.0000000E+01
* ELEM  8  line segment
 1, 705, 706
*
  1.4485100E+01, 1.8852000E+00, 0.0000000E+00, 1.1469600E+01
* ELEM  9  circular arc
 3, 706, 705
*
  1.3354800E+01, 1.3354800E+01, 1.1303000E+00, 0.0000000E+00, 9.0000000E+01
* ELEM  10  line segment
 1, 705, 706
*
  1.3354800E+01, 1.4485100E+01, -1.1469600E+01, 0.0000000E+00
* ELEM  11  circular arc
 3, 706, 705
*
  1.8852000E+00, 1.3354800E+01, 1.1303000E+00, 9.0000000E+01, 9.0000000E+01
* ELEM  12  line segment
 1, 705, 706
*
  7.5490000E-01, 1.3354800E+01, 0.0000000E+00, -1.1469600E+01
* ELEM  13  circular arc
 3, 709, 706
*
  1.8852000E+00, 1.8852000E+00, 9.6520000E-01, 1.8000000E+02, 3.7553077E+01
* ELEM  14  circular arc
 3, 698, 706
*
  1.8852000E+00, 1.8852000E+00, 9.6520000E-01, 2.1755308E+02, 1.4893845E+01
* ELEM  15  circular arc
 3, 710, 706
*
  1.8852000E+00, 1.8852000E+00, 9.6520000E-01, 2.3244692E+02, 3.7553077E+01
* ELEM  16  line segment
 1, 706, 710
*
  1.8852000E+00, 9.2000000E-01, 1.1469600E+01, 0.0000000E+00
* ELEM  17  circular arc
 3, 710, 706
*
  1.3354800E+01, 1.8852000E+00, 9.6520000E-01, 2.7000000E+02, 3.7553077E+01
* ELEM  18  circular arc
 3, 635, 706
*
  1.3354800E+01, 1.8852000E+00, 9.6520000E-01, 3.0755308E+02, 1.4893845E+01
* ELEM  19  circular arc
 3, 708, 706
*
  1.3354800E+01, 1.8852000E+00, 9.6520000E-01, 3.2244692E+02, 3.7553077E+01
* ELEM  20  line segment
 1, 706, 708
*
  1.4320000E+01, 1.8852000E+00, 0.0000000E+00, 1.1469600E+01
* ELEM  21  circular arc
 3, 708, 706
*
  1.3354800E+01, 1.3354800E+01, 9.6520000E-01, 0.0000000E+00, 3.7553077E+01
* ELEM  22  circular arc
 3, 25, 706
*
  1.3354800E+01, 1.3354800E+01, 9.6520000E-01, 3.7553077E+01, 1.4893845E+01
* ELEM  23  circular arc
 3, 707, 706
*
  1.3354800E+01, 1.3354800E+01, 9.6520000E-01, 5.2446923E+01, 3.7553077E+01
* ELEM  24  line segment
 1, 706, 707
*
  1.3354800E+01, 1.4320000E+01, -1.1469600E+01, 0.0000000E+00
* ELEM  25  circular arc
 3, 707, 706
*
  1.8852000E+00, 1.3354800E+01, 9.6520000E-01, 9.0000000E+01, 3.7553077E+01
* ELEM  26  circular arc
 3, 88, 706
*
  1.8852000E+00, 1.3354800E+01, 9.6520000E-01, 1.2755308E+02, 1.4893845E+01
* ELEM  27  circular arc
 3, 709, 706
*
  1.8852000E+00, 1.3354800E+01, 9.6520000E-01, 1.4244692E+02, 3.7553077E+01
* ELEM  28  line segment
 1, 706, 709
*
  9.2000000E-01, 1.3354800E+01, 0.0000000E+00, -1.1469600E+01
* ELEM  29  line segment
 1, 709, 88
*
  1.1200000E+00, 1.3943086E+01, 0.0000000E+00, -1.1230856E+00
* ELEM  30  line segment
 1, 709, 162
*
  1.1200000E+00, 1.2820000E+01, 0.0000000E+00, -1.3000000E+00
* ELEM  31  line segment
 1, 709, 240
*
  1.1200000E+00, 1.1520000E+01, 0.0000000E+00, -1.3000000E+00
* ELEM  32  line segment
 1, 709, 298
*
  1.1200000E+00, 1.0220000E+01, 0.0000000E+00, -1.3000000E+00
* ELEM  33  line segment
 1, 709, 356
*
  1.1200000E+00, 8.9200000E+00, 0.0000000E+00, -1.3000000E+00
* ELEM  34  line segment
 1, 709, 416
*
  1.1200000E+00, 7.6200000E+00, 0.0000000E+00, -1.3000000E+00
* ELEM  35  line segment
 1, 709, 476
*
  1.1200000E+00, 6.3200000E+00, 0.0000000E+00, -1.3000000E+00
* ELEM  36  line segment
 1, 709, 552
*
  1.1200000E+00, 5.0200000E+00, 0.0000000E+00, -1.3000000E+00
* ELEM  37  line segment
 1, 709, 628
*
  1.1200000E+00, 3.7200000E+00, 0.0000000E+00, -1.3000000E+00
* ELEM  38  line segment
 1, 709, 698
*
  1.1200000E+00, 2.4200000E+00, 0.0000000E+00, -1.1230856E+00
* ELEM  39  line segment
 1, 698, 628
*
  1.1200000E+00, 2.4200000E+00, 1.3000000E+00, 0.0000000E+00
* ELEM  40  line segment
 1, 698, 691
*
  2.4200000E+00, 2.4200000E+00, 0.0000000E+00, -1.3000000E+00
* ELEM  41  line segment
 1, 710, 698
*
  1.2969144E+00, 1.1200000E+00, 1.1230856E+00, 0.0000000E+00
* ELEM  42  circle
 2, 699, 698
*
  1.7700000E+00, 1.7700000E+00, 5.1500000E-01, 0.0000000E+00
* ELEM  43  line segment
 1, 710, 691
*
  2.4200000E+00, 1.1200000E+00, 1.3000000E+00, 0.0000000E+00
* ELEM  44  line segment
 1, 710, 684
*
  3.7200000E+00, 1.1200000E+00, 1.3000000E+00, 0.0000000E+00
* ELEM  45  line segment
 1, 710, 677
*
  5.0200000E+00, 1.1200000E+00, 1.3000000E+00, 0.0000000E+00
* ELEM  46  line segment
 1, 710, 670
*
  6.3200000E+00, 1.1200000E+00, 1.3000000E+00, 0.0000000E+00
* ELEM  47  line segment
 1, 710, 663
*
  7.6200000E+00, 1.1200000E+00, 1.3000000E+00, 0.0000000E+00
* ELEM  48  line segment
 1, 710, 656
*
  8.9200000E+00, 1.1200000E+00, 1.3000000E+00, 0.0000000E+00
* ELEM  49  line segment
 1, 710, 649
*
  1.0220000E+01, 1.1200000E+00, 1.3000000E+00, 0.0000000E+00
* ELEM  50  line segment
 1, 710, 642
*
  1.1520000E+01, 1.1200000E+00, 1.3000000E+00, 0.0000000E+00
* ELEM  51  line segment
 1, 710, 635
*
  1.2820000E+01, 1.1200000E+00, 1.1230856E+00, 0.0000000E+00
* ELEM  52  line segment
 1, 628, 621
*
  2.4200000E+00, 3.7200000E+00, 0.0000000E+00, -1.3000000E+00
* ELEM  53  line segment
 1, 628, 552
*
  1.1200000E+00, 3.7200000E+00, 1.3000000E+00, 0.0000000E+00
* ELEM  54  circle
 2, 629, 628
*
  1.7700000E+00, 3.0700000E+00, 5.1500000E-01, 0.0000000E+00
* ELEM  55  line segment
 1, 707, 88
*
  2.4200000E+00, 1.4120000E+01, -1.1230856E+00, 0.0000000E+00
* ELEM  56  line segment
 1, 88, 81
*
  2.4200000E+00, 1.4120000E+01, 0.0000000E+00, -1.3000000E+00
* ELEM  57  line segment
 1, 162, 88
*
  1.1200000E+00, 1.2820000E+01, 1.3000000E+00, 0.0000000E+00
* ELEM  58  circle
 2, 89, 88
*
  1.7700000E+00, 1.3470000E+01, 5.1500000E-01, 0.0000000E+00
* ELEM  59  line segment
 1, 691, 684
*
  3.7200000E+00, 2.4200000E+00, 0.0000000E+00, -1.3000000E+00
* ELEM  60  line segment
 1, 691, 621
*
  2.4200000E+00, 2.4200000E+00, 1.3000000E+00, 0.0000000E+00
* ELEM  61  circle
 2, 692, 691
*
  3.0700000E+00, 1.7700000E+00, 5.1500000E-01, 0.0000000E+00
* ELEM  62  line segment
 1, 621, 612
*
  3.7200000E+00, 3.7200000E+00, 0.0000000E+00, -1.3000000E+00
* ELEM  63  line segment
 1, 621, 543
*
  2.4200000E+00, 3.7200000E+00, 1.3000000E+00, 0.0000000E+00
* ELEM  64  circle
 2, 622, 621
*
  3.0700000E+00, 3.0700000E+00, 5.1500000E-01, 0.0000000E+00
* ELEM  65  line segment
 1, 552, 543
*
  2.4200000E+00, 5.0200000E+00, 0.0000000E+00, -1.3000000E+00
* ELEM  66  line segment
 1, 552, 476
*
  1.1200000E+00, 5.0200000E+00, 1.3000000E+00, 0.0000000E+00
* ELEM  67  circle
 2, 553, 552
*
  1.7700000E+00, 4.3700000E+00, 5.1500000E-01, 0.0000000E+00
* ELEM  68  line segment
 1, 707, 25
*
  1.3943086E+01, 1.4120000E+01, -1.1230856E+00, 0.0000000E+00
* ELEM  69  line segment
 1, 707, 32
*
  1.2820000E+01, 1.4120000E+01, -1.3000000E+00, 0.0000000E+00
* ELEM  70  line segment
 1, 707, 39
*
  1.1520000E+01, 1.4120000E+01, -1.3000000E+00, 0.0000000E+00
* ELEM  71  line segment
 1, 707, 46
*
  1.0220000E+01, 1.4120000E+01, -1.3000000E+00, 0.0000000E+00
* ELEM  72  line segment
 1, 707, 53
*
  8.9200000E+00, 1.4120000E+01, -1.3000000E+00, 0.0000000E+00
* ELEM  73  line segment
 1, 707, 60
*
  7.6200000E+00, 1.4120000E+01, -1.3000000E+00, 0.0000000E+00
* ELEM  74  line segment
 1, 707, 67
*
  6.3200000E+00, 1.4120000E+01, -1.3000000E+00, 0.0000000E+00
* ELEM  75  line segment
 1, 707, 74
*
  5.0200000E+00, 1.4120000E+01, -1.3000000E+00, 0.0000000E+00
* ELEM  76  line segment
 1, 707, 81
*
  3.7200000E+00, 1.4120000E+01, -1.3000000E+00, 0.0000000E+00
* ELEM  77  line segment
 1, 240, 162
*
  1.1200000E+00, 1.1520000E+01, 1.3000000E+00, 0.0000000E+00
* ELEM  78  line segment
 1, 162, 155
*
  2.4200000E+00, 1.2820000E+01, 0.0000000E+00, -1.3000000E+00
* ELEM  79  circle
 2, 163, 162
*
  1.7700000E+00, 1.2170000E+01, 5.1500000E-01, 0.0000000E+00
* ELEM  80  line segment
 1, 684, 677
*
  5.0200000E+00, 2.4200000E+00, 0.0000000E+00, -1.3000000E+00
* ELEM  81  line segment
 1, 684, 612
*
  3.7200000E+00, 2.4200000E+00, 1.3000000E+00, 0.0000000E+00
* ELEM  82  circle
 2, 685, 684
*
  4.3700000E+00, 1.7700000E+00, 5.1500000E-01, 0.0000000E+00
* ELEM  83  line segment
 1, 612, 605
*
  5.0200000E+00, 3.7200000E+00, 0.0000000E+00, -1.3000000E+00
* ELEM  84  line segment
 1, 612, 536
*
  3.7200000E+00, 3.7200000E+00, 1.3000000E+00, 0.0000000E+00
* ELEM  85  circle
 2, 613, 612
*
  4.3700000E+00, 3.0700000E+00, 5.1500000E-01, 0.0000000E+00
* ELEM  86  line segment
 1, 543, 536
*
  3.7200000E+00, 5.0200000E+00, 0.0000000E+00, -1.3000000E+00
* ELEM  87  line segment
 1, 543, 469
*
  2.4200000E+00, 5.0200000E+00, 1.3000000E+00, 0.0000000E+00
* ELEM  88  circle
 2, 544, 543
*
  3.0700000E+00, 4.3700000E+00, 5.1500000E-01, 0.0000000E+00
* ELEM  89  line segment
 1, 476, 469
*
  2.4200000E+00, 6.3200000E+00, 0.0000000E+00, -1.3000000E+00
* ELEM  90  line segment
 1, 476, 416
*
  1.1200000E+00, 6.3200000E+00, 1.3000000E+00, 0.0000000E+00
* ELEM  91  circle
 2, 477, 476
*
  1.7700000E+00, 5.6700000E+00, 5.1500000E-01, 0.0000000E+00
* ELEM  92  line segment
 1, 155, 81
*
  2.4200000E+00, 1.2820000E+01, 1.3000000E+00, 0.0000000E+00
* ELEM  93  line segment
 1, 81, 74
*
  3.7200000E+00, 1.4120000E+01, 0.0000000E+00, -1.3000000E+00
* ELEM  94  circle
 2, 82, 81
*
  3.0700000E+00, 1.3470000E+01, 5.1500000E-01, 0.0000000E+00
* ELEM  95  line segment
 1, 233, 155
*
  2.4200000E+00, 1.1520000E+01, 1.3000000E+00, 0.0000000E+00
* ELEM  96  line segment
 1, 155, 148
*
  3.7200000E+00, 1.2820000E+01, 0.0000000E+00, -1.3000000E+00
* ELEM  97  circle
 2, 156, 155
*
  3.0700000E+00, 1.2170000E+01, 5.1500000E-01, 0.0000000E+00
* ELEM  98  line segment
 1, 298, 240
*
  1.1200000E+00, 1.0220000E+01, 1.3000000E+00, 0.0000000E+00
* ELEM  99  line segment
 1, 240, 233
*
  2.4200000E+00, 1.1520000E+01, 0.0000000E+00, -1.3000000E+00
* ELEM  100  circle
 2, 241, 240
*
  1.7700000E+00, 1.0870000E+01, 5.1500000E-01, 0.0000000E+00
* ELEM  101  line segment
 1, 642, 635
*
  1.2820000E+01, 2.4200000E+00, 0.0000000E+00, -1.3000000E+00
* ELEM  102  line segment
 1, 635, 559
*
  1.2820000E+01, 2.4200000E+00, 1.3000000E+00, 0.0000000E+00
* ELEM  103  line segment
 1, 708, 635
*
  1.4120000E+01, 1.2969144E+00, 0.0000000E+00, 1.1230856E+00
* ELEM  104  circle
 2, 636, 635
*
  1.3470000E+01, 1.7700000E+00, 5.1500000E-01, 0.0000000E+00
* ELEM  105  line segment
 1, 677, 670
*
  6.3200000E+00, 2.4200000E+00, 0.0000000E+00, -1.3000000E+00
* ELEM  106  line segment
 1, 677, 605
*
  5.0200000E+00, 2.4200000E+00, 1.3000000E+00, 0.0000000E+00
* ELEM  107  circle
 2, 678, 677
*
  5.6700000E+00, 1.7700000E+00, 5.1500000E-01, 0.0000000E+00
* ELEM  108  line segment
 1, 605, 598
*
  6.3200000E+00, 3.7200000E+00, 0.0000000E+00, -1.3000000E+00
* ELEM  109  line segment
 1, 605, 529
*
  5.0200000E+00, 3.7200000E+00, 1.3000000E+00, 0.0000000E+00
* ELEM  110  circle
 2, 606, 605
*
  5.6700000E+00, 3.0700000E+00, 5.1500000E-01, 0.0000000E+00
* ELEM  111  line segment
 1, 536, 529
*
  5.0200000E+00, 5.0200000E+00, 0.0000000E+00, -1.3000000E+00
* ELEM  112  line segment
 1, 536, 460
*
  3.7200000E+00, 5.0200000E+00, 1.3000000E+00, 0.0000000E+00
* ELEM  113  circle
 2, 537, 536
*
  4.3700000E+00, 4.3700000E+00, 5.1500000E-01, 0.0000000E+00
* ELEM  114  line segment
 1, 469, 460
*
  3.7200000E+00, 6.3200000E+00, 0.0000000E+00, -1.3000000E+00
* ELEM  115  line segment
 1, 469, 407
*
  2.4200000E+00, 6.3200000E+00, 1.3000000E+00, 0.0000000E+00
* ELEM  116  circle
 2, 470, 469
*
  3.0700000E+00, 5.6700000E+00, 5.1500000E-01, 0.0000000E+00
* ELEM  117  line segment
 1, 416, 407
*
  2.4200000E+00, 7.6200000E+00, 0.0000000E+00, -1.3000000E+00
* ELEM  118  line segment
 1, 416, 356
*
  1.1200000E+00, 7.6200000E+00, 1.3000000E+00, 0.0000000E+00
* ELEM  119  circle
 2, 417, 416
*
  1.7700000E+00, 6.9700000E+00, 5.1500000E-01, 0.0000000E+00
* ELEM  120  line segment
 1, 148, 74
*
  3.7200000E+00, 1.2820000E+01, 1.3000000E+00, 0.0000000E+00
* ELEM  121  line segment
 1, 74, 67
*
  5.0200000E+00, 1.4120000E+01, 0.0000000E+00, -1.3000000E+00
* ELEM  122  circle
 2, 75, 74
*
  4.3700000E+00, 1.3470000E+01, 5.1500000E-01, 0.0000000E+00
* ELEM  123  line segment
 1, 224, 148
*
  3.7200000E+00, 1.1520000E+01, 1.3000000E+00, 0.0000000E+00
* ELEM  124  line segment
 1, 148, 141
*
  5.0200000E+00, 1.2820000E+01, 0.0000000E+00, -1.3000000E+00
* ELEM  125  circle
 2, 149, 148
*
  4.3700000E+00, 1.2170000E+01, 5.1500000E-01, 0.0000000E+00
* ELEM  126  line segment
 1, 291, 233
*
  2.4200000E+00, 1.0220000E+01, 1.3000000E+00, 0.0000000E+00
* ELEM  127  line segment
 1, 233, 224
*
  3.7200000E+00, 1.1520000E+01, 0.0000000E+00, -1.3000000E+00
* ELEM  128  circle
 2, 234, 233
*
  3.0700000E+00, 1.0870000E+01, 5.1500000E-01, 0.0000000E+00
* ELEM  129  line segment
 1, 356, 298
*
  1.1200000E+00, 8.9200000E+00, 1.3000000E+00, 0.0000000E+00
* ELEM  130  line segment
 1, 298, 291
*
  2.4200000E+00, 1.0220000E+01, 0.0000000E+00, -1.3000000E+00
* ELEM  131  circle
 2, 299, 298
*
  1.7700000E+00, 9.5700000E+00, 5.1500000E-01, 0.0000000E+00
* ELEM  132  line segment
 1, 708, 559
*
  1.4120000E+01, 2.4200000E+00, 0.0000000E+00, 1.3000000E+00
* ELEM  133  line segment
 1, 708, 483
*
  1.4120000E+01, 3.7200000E+00, 0.0000000E+00, 1.3000000E+00
* ELEM  134  line segment
 1, 708, 423
*
  1.4120000E+01, 5.0200000E+00, 0.0000000E+00, 1.3000000E+00
* ELEM  135  line segment
 1, 708, 363
*
  1.4120000E+01, 6.3200000E+00, 0.0000000E+00, 1.3000000E+00
* ELEM  136  line segment
 1, 708, 305
*
  1.4120000E+01, 7.6200000E+00, 0.0000000E+00, 1.3000000E+00
* ELEM  137  line segment
 1, 708, 247
*
  1.4120000E+01, 8.9200000E+00, 0.0000000E+00, 1.3000000E+00
* ELEM  138  line segment
 1, 708, 169
*
  1.4120000E+01, 1.0220000E+01, 0.0000000E+00, 1.3000000E+00
* ELEM  139  line segment
 1, 708, 95
*
  1.4120000E+01, 1.1520000E+01, 0.0000000E+00, 1.3000000E+00
* ELEM  140  line segment
 1, 708, 25
*
  1.4120000E+01, 1.2820000E+01, 0.0000000E+00, 1.1230856E+00
* ELEM  141  line segment
 1, 649, 642
*
  1.1520000E+01, 2.4200000E+00, 0.0000000E+00, -1.3000000E+00
* ELEM  142  line segment
 1, 642, 566
*
  1.1520000E+01, 2.4200000E+00, 1.3000000E+00, 0.0000000E+00
* ELEM  143  circle
 2, 643, 642
*
  1.2170000E+01, 1.7700000E+00, 5.1500000E-01, 0.0000000E+00
* ELEM  144  line segment
 1, 670, 663
*
  7.6200000E+00, 2.4200000E+00, 0.0000000E+00, -1.3000000E+00
* ELEM  145  line segment
 1, 670, 598
*
  6.3200000E+00, 2.4200000E+00, 1.3000000E+00, 0.0000000E+00
* ELEM  146  circle
 2, 671, 670
*
  6.9700000E+00, 1.7700000E+00, 5.1500000E-01, 0.0000000E+00
* ELEM  147  line segment
 1, 598, 589
*
  7.6200000E+00, 3.7200000E+00, 0.0000000E+00, -1.3000000E+00
* ELEM  148  line segment
 1, 598, 522
*
  6.3200000E+00, 3.7200000E+00, 1.3000000E+00, 0.0000000E+00
* ELEM  149  circle
 2, 599, 598
*
  6.9700000E+00, 3.0700000E+00, 5.1500000E-01, 0.0000000E+00
* ELEM  150  line segment
 1, 529, 522
*
  6.3200000E+00, 5.0200000E+00, 0.0000000E+00, -1.3000000E+00
* ELEM  151  line segment
 1, 529, 13
*
  5.0200000E+00, 5.0200000E+00, 1.3000000E+00, 0.0000000E+00
* ELEM  152  circle
 2, 530, 529
*
  5.6700000E+00, 4.3700000E+00, 5.1500000E-01, 0.0000000E+00
* ELEM  153  line segment
 1, 460, 13
*
  5.0200000E+00, 6.3200000E+00, 0.0000000E+00, -1.3000000E+00
* ELEM  154  line segment
 1, 460, 400
*
  3.7200000E+00, 6.3200000E+00, 1.3000000E+00, 0.0000000E+00
* ELEM  155  circle
 2, 461, 460
*
  4.3700000E+00, 5.6700000E+00, 5.1500000E-01, 0.0000000E+00
* ELEM  156  line segment
 1, 407, 400
*
  3.7200000E+00, 7.6200000E+00, 0.0000000E+00, -1.3000000E+00
* ELEM  157  line segment
 1, 407, 349
*
  2.4200000E+00, 7.6200000E+00, 1.3000000E+00, 0.0000000E+00
* ELEM  158  circle
 2, 408, 407
*
  3.0700000E+00, 6.9700000E+00, 5.1500000E-01, 0.0000000E+00
* ELEM  159  line segment
 1, 356, 349
*
  2.4200000E+00, 8.9200000E+00, 0.0000000E+00, -1.3000000E+00
* ELEM  160  circle
 2, 357, 356
*
  1.7700000E+00, 8.2700000E+00, 5.1500000E-01, 0.0000000E+00
* ELEM  161  line segment
 1, 95, 25
*
  1.2820000E+01, 1.2820000E+01, 1.3000000E+00, 0.0000000E+00
* ELEM  162  line segment
 1, 32, 25
*
  1.2820000E+01, 1.4120000E+01, 0.0000000E+00, -1.3000000E+00
* ELEM  163  circle
 2, 26, 25
*
  1.3470000E+01, 1.3470000E+01, 5.1500000E-01, 0.0000000E+00
* ELEM  164  line segment
 1, 141, 67
*
  5.0200000E+00, 1.2820000E+01, 1.3000000E+00, 0.0000000E+00
* ELEM  165  line segment
 1, 67, 60
*
  6.3200000E+00, 1.4120000E+01, 0.0000000E+00, -1.3000000E+00
* ELEM  166  circle
 2, 68, 67
*
  5.6700000E+00, 1.3470000E+01, 5.1500000E-01, 0.0000000E+00
* ELEM  167  line segment
 1, 217, 141
*
  5.0200000E+00, 1.1520000E+01, 1.3000000E+00, 0.0000000E+00
* ELEM  168  line segment
 1, 141, 134
*
  6.3200000E+00, 1.2820000E+01, 0.0000000E+00, -1.3000000E+00
* ELEM  169  circle
 2, 142, 141
*
  5.6700000E+00, 1.2170000E+01, 5.1500000E-01, 0.0000000E+00
* ELEM  170  line segment
 1, 284, 224
*
  3.7200000E+00, 1.0220000E+01, 1.3000000E+00, 0.0000000E+00
* ELEM  171  line segment
 1, 224, 217
*
  5.0200000E+00, 1.1520000E+01, 0.0000000E+00, -1.3000000E+00
* ELEM  172  circle
 2, 225, 224
*
  4.3700000E+00, 1.0870000E+01, 5.1500000E-01, 0.0000000E+00
* ELEM  173  line segment
 1, 349, 291
*
  2.4200000E+00, 8.9200000E+00, 1.3000000E+00, 0.0000000E+00
* ELEM  174  line segment
 1, 291, 284
*
  3.7200000E+00, 1.0220000E+01, 0.0000000E+00, -1.3000000E+00
* ELEM  175  circle
 2, 292, 291
*
  3.0700000E+00, 9.5700000E+00, 5.1500000E-01, 0.0000000E+00
* ELEM  176  line segment
 1, 566, 559
*
  1.2820000E+01, 3.7200000E+00, 0.0000000E+00, -1.3000000E+00
* ELEM  177  line segment
 1, 559, 483
*
  1.2820000E+01, 3.7200000E+00, 1.3000000E+00, 0.0000000E+00
* ELEM  178  circle
 2, 560, 559
*
  1.3470000E+01, 3.0700000E+00, 5.1500000E-01, 0.0000000E+00
* ELEM  179  line segment
 1, 573, 566
*
  1.1520000E+01, 3.7200000E+00, 0.0000000E+00, -1.3000000E+00
* ELEM  180  line segment
 1, 566, 490
*
  1.1520000E+01, 3.7200000E+00, 1.3000000E+00, 0.0000000E+00
* ELEM  181  circle
 2, 567, 566
*
  1.2170000E+01, 3.0700000E+00, 5.1500000E-01, 0.0000000E+00
* ELEM  182  line segment
 1, 656, 649
*
  1.0220000E+01, 2.4200000E+00, 0.0000000E+00, -1.3000000E+00
* ELEM  183  line segment
 1, 649, 573
*
  1.0220000E+01, 2.4200000E+00, 1.3000000E+00, 0.0000000E+00
* ELEM  184  circle
 2, 650, 649
*
  1.0870000E+01, 1.7700000E+00, 5.1500000E-01, 0.0000000E+00
* ELEM  185  line segment
 1, 663, 656
*
  8.9200000E+00, 2.4200000E+00, 0.0000000E+00, -1.3000000E+00
* ELEM  186  line segment
 1, 663, 589
*
  7.6200000E+00, 2.4200000E+00, 1.3000000E+00, 0.0000000E+00
* ELEM  187  circle
 2, 664, 663
*
  8.2700000E+00, 1.7700000E+00, 5.1500000E-01, 0.0000000E+00
* ELEM  188  line segment
 1, 589, 582
*
  8.9200000E+00, 3.7200000E+00, 0.0000000E+00, -1.3000000E+00
* ELEM  189  line segment
 1, 589, 515
*
  7.6200000E+00, 3.7200000E+00, 1.3000000E+00, 0.0000000E+00
* ELEM  190  circle
 2, 590, 589
*
  8.2700000E+00, 3.0700000E+00, 5.1500000E-01, 0.0000000E+00
* ELEM  191  line segment
 1, 522, 515
*
  7.6200000E+00, 5.0200000E+00, 0.0000000E+00, -1.3000000E+00
* ELEM  192  line segment
 1, 522, 14
*
  6.3200000E+00, 5.0200000E+00, 1.3000000E+00, 0.0000000E+00
* ELEM  193  circle
 2, 523, 522
*
  6.9700000E+00, 4.3700000E+00, 5.1500000E-01, 0.0000000E+00
* ELEM  194  line segment
 1, 15, 13
*
  5.0750000E+00, 6.3200000E+00, -5.5000000E-02, 0.0000000E+00
* ELEM  195  circular arc
 3, 20, 13
*
  6.3200000E+00, 6.3200000E+00, 1.2450000E+00, 1.8000000E+02, 9.0000000E+01
* ELEM  196  line segment
 1, 14, 13
*
  6.3200000E+00, 5.0200000E+00, 0.0000000E+00, 5.5000000E-02
* ELEM  197  line segment
 1, 400, 15
*
  5.0200000E+00, 7.6200000E+00, 0.0000000E+00, -1.3000000E+00
* ELEM  198  line segment
 1, 400, 340
*
  3.7200000E+00, 7.6200000E+00, 1.3000000E+00, 0.0000000E+00
* ELEM  199  circle
 2, 401, 400
*
  4.3700000E+00, 6.9700000E+00, 5.1500000E-01, 0.0000000E+00
* ELEM  200  line segment
 1, 349, 340
*
  3.7200000E+00, 8.9200000E+00, 0.0000000E+00, -1.3000000E+00
* ELEM  201  circle
 2, 350, 349
*
  3.0700000E+00, 8.2700000E+00, 5.1500000E-01, 0.0000000E+00
* ELEM  202  line segment
 1, 102, 32
*
  1.1520000E+01, 1.2820000E+01, 1.3000000E+00, 0.0000000E+00
* ELEM  203  line segment
 1, 39, 32
*
  1.1520000E+01, 1.4120000E+01, 0.0000000E+00, -1.3000000E+00
* ELEM  204  circle
 2, 33, 32
*
  1.2170000E+01, 1.3470000E+01, 5.1500000E-01, 0.0000000E+00
* ELEM  205  line segment
 1, 134, 60
*
  6.3200000E+00, 1.2820000E+01, 1.3000000E+00, 0.0000000E+00
* ELEM  206  line segment
 1, 60, 53
*
  7.6200000E+00, 1.4120000E+01, 0.0000000E+00, -1.3000000E+00
* ELEM  207  circle
 2, 61, 60
*
  6.9700000E+00, 1.3470000E+01, 5.1500000E-01, 0.0000000E+00
* ELEM  208  line segment
 1, 208, 134
*
  6.3200000E+00, 1.1520000E+01, 1.3000000E+00, 0.0000000E+00
* ELEM  209  line segment
 1, 134, 125
*
  7.6200000E+00, 1.2820000E+01, 0.0000000E+00, -1.3000000E+00
* ELEM  210  circle
 2, 135, 134
*
  6.9700000E+00, 1.2170000E+01, 5.1500000E-01, 0.0000000E+00
* ELEM  211  line segment
 1, 275, 217
*
  5.0200000E+00, 1.0220000E+01, 1.3000000E+00, 0.0000000E+00
* ELEM  212  line segment
 1, 217, 208
*
  6.3200000E+00, 1.1520000E+01, 0.0000000E+00, -1.3000000E+00
* ELEM  213  circle
 2, 218, 217
*
  5.6700000E+00, 1.0870000E+01, 5.1500000E-01, 0.0000000E+00
* ELEM  214  line segment
 1, 340, 284
*
  3.7200000E+00, 8.9200000E+00, 1.3000000E+00, 0.0000000E+00
* ELEM  215  line segment
 1, 284, 275
*
  5.0200000E+00, 1.0220000E+01, 0.0000000E+00, -1.3000000E+00
* ELEM  216  circle
 2, 285, 284
*
  4.3700000E+00, 9.5700000E+00, 5.1500000E-01, 0.0000000E+00
* ELEM  217  line segment
 1, 490, 483
*
  1.2820000E+01, 5.0200000E+00, 0.0000000E+00, -1.3000000E+00
* ELEM  218  line segment
 1, 483, 423
*
  1.2820000E+01, 5.0200000E+00, 1.3000000E+00, 0.0000000E+00
* ELEM  219  circle
 2, 484, 483
*
  1.3470000E+01, 4.3700000E+00, 5.1500000E-01, 0.0000000E+00
* ELEM  220  line segment
 1, 499, 490
*
  1.1520000E+01, 5.0200000E+00, 0.0000000E+00, -1.3000000E+00
* ELEM  221  line segment
 1, 490, 430
*
  1.1520000E+01, 5.0200000E+00, 1.3000000E+00, 0.0000000E+00
* ELEM  222  circle
 2, 491, 490
*
  1.2170000E+01, 4.3700000E+00, 5.1500000E-01, 0.0000000E+00
* ELEM  223  line segment
 1, 582, 573
*
  1.0220000E+01, 3.7200000E+00, 0.0000000E+00, -1.3000000E+00
* ELEM  224  line segment
 1, 573, 499
*
  1.0220000E+01, 3.7200000E+00, 1.3000000E+00, 0.0000000E+00
* ELEM  225  circle
 2, 574, 573
*
  1.0870000E+01, 3.0700000E+00, 5.1500000E-01, 0.0000000E+00
* ELEM  226  line segment
 1, 656, 582
*
  8.9200000E+00, 2.4200000E+00, 1.3000000E+00, 0.0000000E+00
* ELEM  227  circle
 2, 657, 656
*
  9.5700000E+00, 1.7700000E+00, 5.1500000E-01, 0.0000000E+00
* ELEM  228  line segment
 1, 582, 506
*
  8.9200000E+00, 3.7200000E+00, 1.3000000E+00, 0.0000000E+00
* ELEM  229  circle
 2, 583, 582
*
  9.5700000E+00, 3.0700000E+00, 5.1500000E-01, 0.0000000E+00
* ELEM  230  line segment
 1, 515, 506
*
  8.9200000E+00, 5.0200000E+00, 0.0000000E+00, -1.3000000E+00
* ELEM  231  line segment
 1, 515, 453
*
  7.6200000E+00, 5.0200000E+00, 1.3000000E+00, 0.0000000E+00
* ELEM  232  circle
 2, 516, 515
*
  8.2700000E+00, 4.3700000E+00, 5.1500000E-01, 0.0000000E+00
* ELEM  233  circular arc
 3, 18, 14
*
  6.3200000E+00, 6.3200000E+00, 1.2450000E+00, 2.7000000E+02, 9.0000000E+01
* ELEM  234  line segment
 1, 16, 14
*
  7.6200000E+00, 6.3200000E+00, -5.5000000E-02, 0.0000000E+00
* ELEM  235  line segment
 1, 453, 14
*
  7.6200000E+00, 5.0200000E+00, 0.0000000E+00, 1.3000000E+00
* ELEM  236  line segment
 1, 333, 15
*
  6.3200000E+00, 7.6200000E+00, -1.3000000E+00, 0.0000000E+00
* ELEM  237  line segment
 1, 16, 15
*
  6.3200000E+00, 7.5650000E+00, 0.0000000E+00, 5.5000000E-02
* ELEM  238  circular arc
 3, 19, 15
*
  6.3200000E+00, 6.3200000E+00, 1.2450000E+00, 9.0000000E+01, 9.0000000E+01
* ELEM  239  line segment
 1, 340, 333
*
  5.0200000E+00, 8.9200000E+00, 0.0000000E+00, -1.3000000E+00
* ELEM  240  circle
 2, 341, 340
*
  4.3700000E+00, 8.2700000E+00, 5.1500000E-01, 0.0000000E+00
* ELEM  241  line segment
 1, 169, 95
*
  1.2820000E+01, 1.1520000E+01, 1.3000000E+00, 0.0000000E+00
* ELEM  242  line segment
 1, 102, 95
*
  1.2820000E+01, 1.2820000E+01, 0.0000000E+00, -1.3000000E+00
* ELEM  243  circle
 2, 96, 95
*
  1.3470000E+01, 1.2170000E+01, 5.1500000E-01, 0.0000000E+00
* ELEM  244  line segment
 1, 176, 102
*
  1.1520000E+01, 1.1520000E+01, 1.3000000E+00, 0.0000000E+00
* ELEM  245  line segment
 1, 109, 102
*
  1.1520000E+01, 1.2820000E+01, 0.0000000E+00, -1.3000000E+00
* ELEM  246  circle
 2, 103, 102
*
  1.2170000E+01, 1.2170000E+01, 5.1500000E-01, 0.0000000E+00
* ELEM  247  line segment
 1, 109, 39
*
  1.0220000E+01, 1.2820000E+01, 1.3000000E+00, 0.0000000E+00
* ELEM  248  line segment
 1, 46, 39
*
  1.0220000E+01, 1.4120000E+01, 0.0000000E+00, -1.3000000E+00
* ELEM  249  circle
 2, 40, 39
*
  1.0870000E+01, 1.3470000E+01, 5.1500000E-01, 0.0000000E+00
* ELEM  250  line segment
 1, 125, 53
*
  7.6200000E+00, 1.2820000E+01, 1.3000000E+00, 0.0000000E+00
* ELEM  251  line segment
 1, 53, 46
*
  8.9200000E+00, 1.4120000E+01, 0.0000000E+00, -1.3000000E+00
* ELEM  252  circle
 2, 54, 53
*
  8.2700000E+00, 1.3470000E+01, 5.1500000E-01, 0.0000000E+00
* ELEM  253  line segment
 1, 201, 125
*
  7.6200000E+00, 1.1520000E+01, 1.3000000E+00, 0.0000000E+00
* ELEM  254  line segment
 1, 125, 118
*
  8.9200000E+00, 1.2820000E+01, 0.0000000E+00, -1.3000000E+00
* ELEM  255  circle
 2, 126, 125
*
  8.2700000E+00, 1.2170000E+01, 5.1500000E-01, 0.0000000E+00
* ELEM  256  line segment
 1, 268, 208
*
  6.3200000E+00, 1.0220000E+01, 1.3000000E+00, 0.0000000E+00
* ELEM  257  line segment
 1, 208, 201
*
  7.6200000E+00, 1.1520000E+01, 0.0000000E+00, -1.3000000E+00
* ELEM  258  circle
 2, 209, 208
*
  6.9700000E+00, 1.0870000E+01, 5.1500000E-01, 0.0000000E+00
* ELEM  259  line segment
 1, 333, 275
*
  5.0200000E+00, 8.9200000E+00, 1.3000000E+00, 0.0000000E+00
* ELEM  260  line segment
 1, 275, 268
*
  6.3200000E+00, 1.0220000E+01, 0.0000000E+00, -1.3000000E+00
* ELEM  261  circle
 2, 276, 275
*
  5.6700000E+00, 9.5700000E+00, 5.1500000E-01, 0.0000000E+00
* ELEM  262  line segment
 1, 430, 423
*
  1.2820000E+01, 6.3200000E+00, 0.0000000E+00, -1.3000000E+00
* ELEM  263  line segment
 1, 423, 363
*
  1.2820000E+01, 6.3200000E+00, 1.3000000E+00, 0.0000000E+00
* ELEM  264  circle
 2, 424, 423
*
  1.3470000E+01, 5.6700000E+00, 5.1500000E-01, 0.0000000E+00
* ELEM  265  line segment
 1, 437, 430
*
  1.1520000E+01, 6.3200000E+00, 0.0000000E+00, -1.3000000E+00
* ELEM  266  line segment
 1, 430, 370
*
  1.1520000E+01, 6.3200000E+00, 1.3000000E+00, 0.0000000E+00
* ELEM  267  circle
 2, 431, 430
*
  1.2170000E+01, 5.6700000E+00, 5.1500000E-01, 0.0000000E+00
* ELEM  268  line segment
 1, 506, 499
*
  1.0220000E+01, 5.0200000E+00, 0.0000000E+00, -1.3000000E+00
* ELEM  269  line segment
 1, 499, 437
*
  1.0220000E+01, 5.0200000E+00, 1.3000000E+00, 0.0000000E+00
* ELEM  270  circle
 2, 500, 499
*
  1.0870000E+01, 4.3700000E+00, 5.1500000E-01, 0.0000000E+00
* ELEM  271  line segment
 1, 506, 446
*
  8.9200000E+00, 5.0200000E+00, 1.3000000E+00, 0.0000000E+00
* ELEM  272  circle
 2, 507, 506
*
  9.5700000E+00, 4.3700000E+00, 5.1500000E-01, 0.0000000E+00
* ELEM  273  line segment
 1, 453, 446
*
  8.9200000E+00, 6.3200000E+00, 0.0000000E+00, -1.3000000E+00
* ELEM  274  line segment
 1, 453, 393
*
  7.6200000E+00, 6.3200000E+00, 1.3000000E+00, 0.0000000E+00
* ELEM  275  circle
 2, 454, 453
*
  8.2700000E+00, 5.6700000E+00, 5.1500000E-01, 0.0000000E+00
* ELEM  276  line segment
 1, 18, 20
*
  6.3200000E+00, 5.0750000E+00, 0.0000000E+00, 7.5000000E-02
* ELEM  277  circular arc
 3, 22, 18
*
  6.3200000E+00, 6.3200000E+00, 1.1700000E+00, 2.7000000E+02, 9.0000000E+01
* ELEM  278  line segment
 1, 17, 18
*
  7.5650000E+00, 6.3200000E+00, -7.5000000E-02, 0.0000000E+00
* ELEM  279  line segment
 1, 19, 20
*
  5.1500000E+00, 6.3200000E+00, -7.5000000E-02, 0.0000000E+00
* ELEM  280  circular arc
 3, 24, 20
*
  6.3200000E+00, 6.3200000E+00, 1.1700000E+00, 1.8000000E+02, 9.0000000E+01
* ELEM  281  line segment
 1, 17, 19
*
  6.3200000E+00, 7.4900000E+00, 0.0000000E+00, 7.5000000E-02
* ELEM  282  circular arc
 3, 23, 19
*
  6.3200000E+00, 6.3200000E+00, 1.1700000E+00, 9.0000000E+01, 9.0000000E+01
* ELEM  283  line segment
 1, 333, 326
*
  6.3200000E+00, 8.9200000E+00, 0.0000000E+00, -1.3000000E+00
* ELEM  284  circle
 2, 334, 333
*
  5.6700000E+00, 8.2700000E+00, 5.1500000E-01, 0.0000000E+00
* ELEM  285  line segment
 1, 247, 169
*
  1.2820000E+01, 1.0220000E+01, 1.3000000E+00, 0.0000000E+00
* ELEM  286  line segment
 1, 176, 169
*
  1.2820000E+01, 1.1520000E+01, 0.0000000E+00, -1.3000000E+00
* ELEM  287  circle
 2, 170, 169
*
  1.3470000E+01, 1.0870000E+01, 5.1500000E-01, 0.0000000E+00
* ELEM  288  line segment
 1, 185, 109
*
  1.0220000E+01, 1.1520000E+01, 1.3000000E+00, 0.0000000E+00
* ELEM  289  line segment
 1, 118, 109
*
  1.0220000E+01, 1.2820000E+01, 0.0000000E+00, -1.3000000E+00
* ELEM  290  circle
 2, 110, 109
*
  1.0870000E+01, 1.2170000E+01, 5.1500000E-01, 0.0000000E+00
* ELEM  291  line segment
 1, 254, 176
*
  1.1520000E+01, 1.0220000E+01, 1.3000000E+00, 0.0000000E+00
* ELEM  292  line segment
 1, 185, 176
*
  1.1520000E+01, 1.1520000E+01, 0.0000000E+00, -1.3000000E+00
* ELEM  293  circle
 2, 177, 176
*
  1.2170000E+01, 1.0870000E+01, 5.1500000E-01, 0.0000000E+00
* ELEM  294  line segment
 1, 118, 46
*
  8.9200000E+00, 1.2820000E+01, 1.3000000E+00, 0.0000000E+00
* ELEM  295  circle
 2, 47, 46
*
  9.5700000E+00, 1.3470000E+01, 5.1500000E-01, 0.0000000E+00
* ELEM  296  line segment
 1, 192, 118
*
  8.9200000E+00, 1.1520000E+01, 1.3000000E+00, 0.0000000E+00
* ELEM  297  circle
 2, 119, 118
*
  9.5700000E+00, 1.2170000E+01, 5.1500000E-01, 0.0000000E+00
* ELEM  298  line segment
 1, 201, 3
*
  8.9200000E+00, 1.0220000E+01, -1.3000000E+00, 0.0000000E+00
* ELEM  299  line segment
 1, 201, 192
*
  8.9200000E+00, 1.1520000E+01, 0.0000000E+00, -1.3000000E+00
* ELEM  300  circle
 2, 202, 201
*
  8.2700000E+00, 1.0870000E+01, 5.1500000E-01, 0.0000000E+00
* ELEM  301  line segment
 1, 326, 268
*
  6.3200000E+00, 8.9200000E+00, 1.3000000E+00, 0.0000000E+00
* ELEM  302  line segment
 1, 268, 3
*
  7.6200000E+00, 1.0220000E+01, 0.0000000E+00, -1.3000000E+00
* ELEM  303  circle
 2, 269, 268
*
  6.9700000E+00, 9.5700000E+00, 5.1500000E-01, 0.0000000E+00
* ELEM  304  line segment
 1, 370, 363
*
  1.2820000E+01, 7.6200000E+00, 0.0000000E+00, -1.3000000E+00
* ELEM  305  line segment
 1, 363, 305
*
  1.2820000E+01, 7.6200000E+00, 1.3000000E+00, 0.0000000E+00
* ELEM  306  circle
 2, 364, 363
*
  1.3470000E+01, 6.9700000E+00, 5.1500000E-01, 0.0000000E+00
* ELEM  307  line segment
 1, 379, 370
*
  1.1520000E+01, 7.6200000E+00, 0.0000000E+00, -1.3000000E+00
* ELEM  308  line segment
 1, 370, 312
*
  1.1520000E+01, 7.6200000E+00, 1.3000000E+00, 0.0000000E+00
* ELEM  309  circle
 2, 371, 370
*
  1.2170000E+01, 6.9700000E+00, 5.1500000E-01, 0.0000000E+00
* ELEM  310  line segment
 1, 446, 437
*
  1.0220000E+01, 6.3200000E+00, 0.0000000E+00, -1.3000000E+00
* ELEM  311  line segment
 1, 437, 379
*
  1.0220000E+01, 6.3200000E+00, 1.3000000E+00, 0.0000000E+00
* ELEM  312  circle
 2, 438, 437
*
  1.0870000E+01, 5.6700000E+00, 5.1500000E-01, 0.0000000E+00
* ELEM  313  line segment
 1, 446, 386
*
  8.9200000E+00, 6.3200000E+00, 1.3000000E+00, 0.0000000E+00
* ELEM  314  circle
 2, 447, 446
*
  9.5700000E+00, 5.6700000E+00, 5.1500000E-01, 0.0000000E+00
* ELEM  315  circular arc
 3, 17, 16
*
  6.3200000E+00, 6.3200000E+00, 1.2450000E+00, 0.0000000E+00, 9.0000000E+01
* ELEM  316  line segment
 1, 326, 16
*
  7.6200000E+00, 7.6200000E+00, -1.3000000E+00, 0.0000000E+00
* ELEM  317  line segment
 1, 393, 16
*
  7.6200000E+00, 6.3200000E+00, 0.0000000E+00, 1.3000000E+00
* ELEM  318  line segment
 1, 393, 386
*
  8.9200000E+00, 7.6200000E+00, 0.0000000E+00, -1.3000000E+00
* ELEM  319  line segment
 1, 393, 1
*
  7.6200000E+00, 7.6200000E+00, 1.3000000E+00, 0.0000000E+00
* ELEM  320  circle
 2, 394, 393
*
  8.2700000E+00, 6.9700000E+00, 5.1500000E-01, 0.0000000E+00
* ELEM  321  circular arc
 3, 21, 17
*
  6.3200000E+00, 6.3200000E+00, 1.1700000E+00, 0.0000000E+00, 9.0000000E+01
* ELEM  322  line segment
 1, 22, 24
*
  6.3200000E+00, 5.1500000E+00, 0.0000000E+00, 1.1700000E+00
* ELEM  323  line segment
 1, 21, 22
*
  7.4900000E+00, 6.3200000E+00, -1.1700000E+00, 0.0000000E+00
* ELEM  324  line segment
 1, 23, 24
*
  6.3200000E+00, 6.3200000E+00, -1.1700000E+00, 0.0000000E+00
* ELEM  325  line segment
 1, 21, 23
*
  6.3200000E+00, 6.3200000E+00, 0.0000000E+00, 1.1700000E+00
* ELEM  326  line segment
 1, 326, 1
*
  7.6200000E+00, 8.9200000E+00, 0.0000000E+00, -1.3000000E+00
* ELEM  327  circle
 2, 327, 326
*
  6.9700000E+00, 8.2700000E+00, 5.1500000E-01, 0.0000000E+00
* ELEM  328  line segment
 1, 305, 247
*
  1.2820000E+01, 8.9200000E+00, 1.3000000E+00, 0.0000000E+00
* ELEM  329  line segment
 1, 254, 247
*
  1.2820000E+01, 1.0220000E+01, 0.0000000E+00, -1.3000000E+00
* ELEM  330  circle
 2, 248, 247
*
  1.3470000E+01, 9.5700000E+00, 5.1500000E-01, 0.0000000E+00
* ELEM  331  line segment
 1, 261, 185
*
  1.0220000E+01, 1.0220000E+01, 1.3000000E+00, 0.0000000E+00
* ELEM  332  line segment
 1, 192, 185
*
  1.0220000E+01, 1.1520000E+01, 0.0000000E+00, -1.3000000E+00
* ELEM  333  circle
 2, 186, 185
*
  1.0870000E+01, 1.0870000E+01, 5.1500000E-01, 0.0000000E+00
* ELEM  334  line segment
 1, 312, 254
*
  1.1520000E+01, 8.9200000E+00, 1.3000000E+00, 0.0000000E+00
* ELEM  335  line segment
 1, 261, 254
*
  1.1520000E+01, 1.0220000E+01, 0.0000000E+00, -1.3000000E+00
* ELEM  336  circle
 2, 255, 254
*
  1.2170000E+01, 9.5700000E+00, 5.1500000E-01, 0.0000000E+00
* ELEM  337  line segment
 1, 192, 4
*
  1.0220000E+01, 1.0220000E+01, -1.3000000E+00, 0.0000000E+00
* ELEM  338  circle
 2, 193, 192
*
  9.5700000E+00, 1.0870000E+01, 5.1500000E-01, 0.0000000E+00
* ELEM  339  line segment
 1, 4, 3
*
  8.9200000E+00, 1.0165000E+01, 0.0000000E+00, 5.5000000E-02
* ELEM  340  circular arc
 3, 7, 3
*
  8.9200000E+00, 8.9200000E+00, 1.2450000E+00, 9.0000000E+01, 9.0000000E+01
* ELEM  341  line segment
 1, 3, 1
*
  7.6750000E+00, 8.9200000E+00, -5.5000000E-02, 0.0000000E+00
* ELEM  342  line segment
 1, 312, 305
*
  1.2820000E+01, 8.9200000E+00, 0.0000000E+00, -1.3000000E+00
* ELEM  343  circle
 2, 306, 305
*
  1.3470000E+01, 8.2700000E+00, 5.1500000E-01, 0.0000000E+00
* ELEM  344  line segment
 1, 319, 312
*
  1.1520000E+01, 8.9200000E+00, 0.0000000E+00, -1.3000000E+00
* ELEM  345  circle
 2, 313, 312
*
  1.2170000E+01, 8.2700000E+00, 5.1500000E-01, 0.0000000E+00
* ELEM  346  line segment
 1, 386, 379
*
  1.0220000E+01, 7.6200000E+00, 0.0000000E+00, -1.3000000E+00
* ELEM  347  line segment
 1, 379, 319
*
  1.0220000E+01, 7.6200000E+00, 1.3000000E+00, 0.0000000E+00
* ELEM  348  circle
 2, 380, 379
*
  1.0870000E+01, 6.9700000E+00, 5.1500000E-01, 0.0000000E+00
* ELEM  349  line segment
 1, 386, 2
*
  8.9200000E+00, 7.6200000E+00, 1.3000000E+00, 0.0000000E+00
* ELEM  350  circle
 2, 387, 386
*
  9.5700000E+00, 6.9700000E+00, 5.1500000E-01, 0.0000000E+00
* ELEM  351  circular arc
 3, 8, 1
*
  8.9200000E+00, 8.9200000E+00, 1.2450000E+00, 1.8000000E+02, 9.0000000E+01
* ELEM  352  line segment
 1, 2, 1
*
  8.9200000E+00, 7.6200000E+00, 0.0000000E+00, 5.5000000E-02
* ELEM  353  line segment
 1, 319, 261
*
  1.0220000E+01, 8.9200000E+00, 1.3000000E+00, 0.0000000E+00
* ELEM  354  line segment
 1, 261, 4
*
  1.0220000E+01, 8.9200000E+00, 0.0000000E+00, 1.3000000E+00
* ELEM  355  circle
 2, 262, 261
*
  1.0870000E+01, 9.5700000E+00, 5.1500000E-01, 0.0000000E+00
* ELEM  356  line segment
 1, 4, 2
*
  1.0220000E+01, 8.9200000E+00, -5.5000000E-02, 0.0000000E+00
* ELEM  357  circular arc
 3, 5, 4
*
  8.9200000E+00, 8.9200000E+00, 1.2450000E+00, 0.0000000E+00, 9.0000000E+01
* ELEM  358  line segment
 1, 319, 2
*
  1.0220000E+01, 7.6200000E+00, 0.0000000E+00, 1.3000000E+00
* ELEM  359  circle
 2, 320, 319
*
  1.0870000E+01, 8.2700000E+00, 5.1500000E-01, 0.0000000E+00
* ELEM  360  circular arc
 3, 6, 2
*
  8.9200000E+00, 8.9200000E+00, 1.2450000E+00, 2.7000000E+02, 9.0000000E+01
* ELEM  361  line segment
 1, 5, 7
*
  8.9200000E+00, 1.0090000E+01, 0.0000000E+00, 7.5000000E-02
* ELEM  362  circular arc
 3, 11, 7
*
  8.9200000E+00, 8.9200000E+00, 1.1700000E+00, 9.0000000E+01, 9.0000000E+01
* ELEM  363  line segment
 1, 7, 8
*
  7.7500000E+00, 8.9200000E+00, -7.5000000E-02, 0.0000000E+00
* ELEM  364  line segment
 1, 5, 6
*
  1.0165000E+01, 8.9200000E+00, -7.5000000E-02, 0.0000000E+00
* ELEM  365  circular arc
 3, 9, 5
*
  8.9200000E+00, 8.9200000E+00, 1.1700000E+00, 0.0000000E+00, 9.0000000E+01
* ELEM  366  circular arc
 3, 12, 8
*
  8.9200000E+00, 8.9200000E+00, 1.1700000E+00, 1.8000000E+02, 9.0000000E+01
* ELEM  367  line segment
 1, 6, 8
*
  8.9200000E+00, 7.6750000E+00, 0.0000000E+00, 7.5000000E-02
* ELEM  368  circular arc
 3, 10, 6
*
  8.9200000E+00, 8.9200000E+00, 1.1700000E+00, 2.7000000E+02, 9.0000000E+01
* ELEM  369  line segment
 1, 9, 11
*
  8.9200000E+00, 8.9200000E+00, 0.0000000E+00, 1.1700000E+00
* ELEM  370  line segment
 1, 11, 12
*
  8.9200000E+00, 8.9200000E+00, -1.1700000E+00, 0.0000000E+00
* ELEM  371  line segment
 1, 9, 10
*
  1.0090000E+01, 8.9200000E+00, -1.1700000E+00, 0.0000000E+00
* ELEM  372  line segment
 1, 10, 12
*
  8.9200000E+00, 7.7500000E+00, 0.0000000E+00, 1.1700000E+00
* ELEM  373  circle
 2, 27, 26
*
  1.3470000E+01, 1.3470000E+01, 4.4700000E-01, 0.0000000E+00
* ELEM  374  circle
 2, 28, 27
*
  1.3470000E+01, 1.3470000E+01, 4.3800000E-01, 0.0000000E+00
* ELEM  375  circle
 2, 29, 28
*
  1.3470000E+01, 1.3470000E+01, 4.2690959E-01, 0.0000000E+00
* ELEM  376  circle
 2, 30, 29
*
  1.3470000E+01, 1.3470000E+01, 3.9175911E-01, 0.0000000E+00
* ELEM  377  circle
 2, 31, 30
*
  1.3470000E+01, 1.3470000E+01, 3.0971277E-01, 0.0000000E+00
* ELEM  378  circle
 2, 34, 33
*
  1.2170000E+01, 1.3470000E+01, 4.4700000E-01, 0.0000000E+00
* ELEM  379  circle
 2, 35, 34
*
  1.2170000E+01, 1.3470000E+01, 4.3800000E-01, 0.0000000E+00
* ELEM  380  circle
 2, 36, 35
*
  1.2170000E+01, 1.3470000E+01, 4.2690959E-01, 0.0000000E+00
* ELEM  381  circle
 2, 37, 36
*
  1.2170000E+01, 1.3470000E+01, 3.9175911E-01, 0.0000000E+00
* ELEM  382  circle
 2, 38, 37
*
  1.2170000E+01, 1.3470000E+01, 3.0971277E-01, 0.0000000E+00
* ELEM  383  circle
 2, 41, 40
*
  1.0870000E+01, 1.3470000E+01, 4.4700000E-01, 0.0000000E+00
* ELEM  384  circle
 2, 42, 41
*
  1.0870000E+01, 1.3470000E+01, 4.3800000E-01, 0.0000000E+00
* ELEM  385  circle
 2, 43, 42
*
  1.0870000E+01, 1.3470000E+01, 4.2690959E-01, 0.0000000E+00
* ELEM  386  circle
 2, 44, 43
*
  1.0870000E+01, 1.3470000E+01, 3.9175911E-01, 0.0000000E+00
* ELEM  387  circle
 2, 45, 44
*
  1.0870000E+01, 1.3470000E+01, 3.0971277E-01, 0.0000000E+00
* ELEM  388  circle
 2, 48, 47
*
  9.5700000E+00, 1.3470000E+01, 4.4700000E-01, 0.0000000E+00
* ELEM  389  circle
 2, 49, 48
*
  9.5700000E+00, 1.3470000E+01, 4.3800000E-01, 0.0000000E+00
* ELEM  390  circle
 2, 50, 49
*
  9.5700000E+00, 1.3470000E+01, 4.2690959E-01, 0.0000000E+00
* ELEM  391  circle
 2, 51, 50
*
  9.5700000E+00, 1.3470000E+01, 3.9175911E-01, 0.0000000E+00
* ELEM  392  circle
 2, 52, 51
*
  9.5700000E+00, 1.3470000E+01, 3.0971277E-01, 0.0000000E+00
* ELEM  393  circle
 2, 55, 54
*
  8.2700000E+00, 1.3470000E+01, 4.4700000E-01, 0.0000000E+00
* ELEM  394  circle
 2, 56, 55
*
  8.2700000E+00, 1.3470000E+01, 4.3800000E-01, 0.0000000E+00
* ELEM  395  circle
 2, 57, 56
*
  8.2700000E+00, 1.3470000E+01, 4.2690959E-01, 0.0000000E+00
* ELEM  396  circle
 2, 58, 57
*
  8.2700000E+00, 1.3470000E+01, 3.9175911E-01, 0.0000000E+00
* ELEM  397  circle
 2, 59, 58
*
  8.2700000E+00, 1.3470000E+01, 3.0971277E-01, 0.0000000E+00
* ELEM  398  circle
 2, 62, 61
*
  6.9700000E+00, 1.3470000E+01, 4.4700000E-01, 0.0000000E+00
* ELEM  399  circle
 2, 63, 62
*
  6.9700000E+00, 1.3470000E+01, 4.3800000E-01, 0.0000000E+00
* ELEM  400  circle
 2, 64, 63
*
  6.9700000E+00, 1.3470000E+01, 4.2690959E-01, 0.0000000E+00
* ELEM  401  circle
 2, 65, 64
*
  6.9700000E+00, 1.3470000E+01, 3.9175911E-01, 0.0000000E+00
* ELEM  402  circle
 2, 66, 65
*
  6.9700000E+00, 1.3470000E+01, 3.0971277E-01, 0.0000000E+00
* ELEM  403  circle
 2, 69, 68
*
  5.6700000E+00, 1.3470000E+01, 4.4700000E-01, 0.0000000E+00
* ELEM  404  circle
 2, 70, 69
*
  5.6700000E+00, 1.3470000E+01, 4.3800000E-01, 0.0000000E+00
* ELEM  405  circle
 2, 71, 70
*
  5.6700000E+00, 1.3470000E+01, 4.2690959E-01, 0.0000000E+00
* ELEM  406  circle
 2, 72, 71
*
  5.6700000E+00, 1.3470000E+01, 3.9175911E-01, 0.0000000E+00
* ELEM  407  circle
 2, 73, 72
*
  5.6700000E+00, 1.3470000E+01, 3.0971277E-01, 0.0000000E+00
* ELEM  408  circle
 2, 76, 75
*
  4.3700000E+00, 1.3470000E+01, 4.4700000E-01, 0.0000000E+00
* ELEM  409  circle
 2, 77, 76
*
  4.3700000E+00, 1.3470000E+01, 4.3800000E-01, 0.0000000E+00
* ELEM  410  circle
 2, 78, 77
*
  4.3700000E+00, 1.3470000E+01, 4.2690959E-01, 0.0000000E+00
* ELEM  411  circle
 2, 79, 78
*
  4.3700000E+00, 1.3470000E+01, 3.9175911E-01, 0.0000000E+00
* ELEM  412  circle
 2, 80, 79
*
  4.3700000E+00, 1.3470000E+01, 3.0971277E-01, 0.0000000E+00
* ELEM  413  circle
 2, 83, 82
*
  3.0700000E+00, 1.3470000E+01, 4.4700000E-01, 0.0000000E+00
* ELEM  414  circle
 2, 84, 83
*
  3.0700000E+00, 1.3470000E+01, 4.3800000E-01, 0.0000000E+00
* ELEM  415  circle
 2, 85, 84
*
  3.0700000E+00, 1.3470000E+01, 4.2690959E-01, 0.0000000E+00
* ELEM  416  circle
 2, 86, 85
*
  3.0700000E+00, 1.3470000E+01, 3.9175911E-01, 0.0000000E+00
* ELEM  417  circle
 2, 87, 86
*
  3.0700000E+00, 1.3470000E+01, 3.0971277E-01, 0.0000000E+00
* ELEM  418  circle
 2, 90, 89
*
  1.7700000E+00, 1.3470000E+01, 4.4700000E-01, 0.0000000E+00
* ELEM  419  circle
 2, 91, 90
*
  1.7700000E+00, 1.3470000E+01, 4.3800000E-01, 0.0000000E+00
* ELEM  420  circle
 2, 92, 91
*
  1.7700000E+00, 1.3470000E+01, 4.2690959E-01, 0.0000000E+00
* ELEM  421  circle
 2, 93, 92
*
  1.7700000E+00, 1.3470000E+01, 3.9175911E-01, 0.0000000E+00
* ELEM  422  circle
 2, 94, 93
*
  1.7700000E+00, 1.3470000E+01, 3.0971277E-01, 0.0000000E+00
* ELEM  423  circle
 2, 97, 96
*
  1.3470000E+01, 1.2170000E+01, 4.4700000E-01, 0.0000000E+00
* ELEM  424  circle
 2, 98, 97
*
  1.3470000E+01, 1.2170000E+01, 4.3800000E-01, 0.0000000E+00
* ELEM  425  circle
 2, 99, 98
*
  1.3470000E+01, 1.2170000E+01, 4.2690959E-01, 0.0000000E+00
* ELEM  426  circle
 2, 100, 99
*
  1.3470000E+01, 1.2170000E+01, 3.9175911E-01, 0.0000000E+00
* ELEM  427  circle
 2, 101, 100
*
  1.3470000E+01, 1.2170000E+01, 3.0971277E-01, 0.0000000E+00
* ELEM  428  circle
 2, 104, 103
*
  1.2170000E+01, 1.2170000E+01, 4.4700000E-01, 0.0000000E+00
* ELEM  429  circle
 2, 105, 104
*
  1.2170000E+01, 1.2170000E+01, 4.3800000E-01, 0.0000000E+00
* ELEM  430  circle
 2, 106, 105
*
  1.2170000E+01, 1.2170000E+01, 4.2690959E-01, 0.0000000E+00
* ELEM  431  circle
 2, 107, 106
*
  1.2170000E+01, 1.2170000E+01, 3.9175911E-01, 0.0000000E+00
* ELEM  432  circle
 2, 108, 107
*
  1.2170000E+01, 1.2170000E+01, 3.0971277E-01, 0.0000000E+00
* ELEM  433  circle
 2, 111, 110
*
  1.0870000E+01, 1.2170000E+01, 4.4700000E-01, 0.0000000E+00
* ELEM  434  circle
 2, 112, 111
*
  1.0870000E+01, 1.2170000E+01, 4.3800000E-01, 0.0000000E+00
* ELEM  435  circle
 2, 113, 112
*
  1.0870000E+01, 1.2170000E+01, 4.2690959E-01, 0.0000000E+00
* ELEM  436  circle
 2, 114, 113
*
  1.0870000E+01, 1.2170000E+01, 3.9175911E-01, 0.0000000E+00
* ELEM  437  circle
 2, 115, 114
*
  1.0870000E+01, 1.2170000E+01, 3.3927334E-01, 0.0000000E+00
* ELEM  438  circle
 2, 116, 115
*
  1.0870000E+01, 1.2170000E+01, 2.7701552E-01, 0.0000000E+00
* ELEM  439  circle
 2, 117, 116
*
  1.0870000E+01, 1.2170000E+01, 1.9587955E-01, 0.0000000E+00
* ELEM  440  circle
 2, 120, 119
*
  9.5700000E+00, 1.2170000E+01, 4.4700000E-01, 0.0000000E+00
* ELEM  441  circle
 2, 121, 120
*
  9.5700000E+00, 1.2170000E+01, 4.3800000E-01, 0.0000000E+00
* ELEM  442  circle
 2, 122, 121
*
  9.5700000E+00, 1.2170000E+01, 4.2690959E-01, 0.0000000E+00
* ELEM  443  circle
 2, 123, 122
*
  9.5700000E+00, 1.2170000E+01, 3.9175911E-01, 0.0000000E+00
* ELEM  444  circle
 2, 124, 123
*
  9.5700000E+00, 1.2170000E+01, 3.0971277E-01, 0.0000000E+00
* ELEM  445  circle
 2, 127, 126
*
  8.2700000E+00, 1.2170000E+01, 4.4700000E-01, 0.0000000E+00
* ELEM  446  circle
 2, 128, 127
*
  8.2700000E+00, 1.2170000E+01, 4.3800000E-01, 0.0000000E+00
* ELEM  447  circle
 2, 129, 128
*
  8.2700000E+00, 1.2170000E+01, 4.2690959E-01, 0.0000000E+00
* ELEM  448  circle
 2, 130, 129
*
  8.2700000E+00, 1.2170000E+01, 3.9175911E-01, 0.0000000E+00
* ELEM  449  circle
 2, 131, 130
*
  8.2700000E+00, 1.2170000E+01, 3.3927334E-01, 0.0000000E+00
* ELEM  450  circle
 2, 132, 131
*
  8.2700000E+00, 1.2170000E+01, 2.7701552E-01, 0.0000000E+00
* ELEM  451  circle
 2, 133, 132
*
  8.2700000E+00, 1.2170000E+01, 1.9587955E-01, 0.0000000E+00
* ELEM  452  circle
 2, 136, 135
*
  6.9700000E+00, 1.2170000E+01, 4.4700000E-01, 0.0000000E+00
* ELEM  453  circle
 2, 137, 136
*
  6.9700000E+00, 1.2170000E+01, 4.3800000E-01, 0.0000000E+00
* ELEM  454  circle
 2, 138, 137
*
  6.9700000E+00, 1.2170000E+01, 4.2690959E-01, 0.0000000E+00
* ELEM  455  circle
 2, 139, 138
*
  6.9700000E+00, 1.2170000E+01, 3.9175911E-01, 0.0000000E+00
* ELEM  456  circle
 2, 140, 139
*
  6.9700000E+00, 1.2170000E+01, 3.0971277E-01, 0.0000000E+00
* ELEM  457  circle
 2, 143, 142
*
  5.6700000E+00, 1.2170000E+01, 4.4700000E-01, 0.0000000E+00
* ELEM  458  circle
 2, 144, 143
*
  5.6700000E+00, 1.2170000E+01, 4.3800000E-01, 0.0000000E+00
* ELEM  459  circle
 2, 145, 144
*
  5.6700000E+00, 1.2170000E+01, 4.2690959E-01, 0.0000000E+00
* ELEM  460  circle
 2, 146, 145
*
  5.6700000E+00, 1.2170000E+01, 3.9175911E-01, 0.0000000E+00
* ELEM  461  circle
 2, 147, 146
*
  5.6700000E+00, 1.2170000E+01, 3.0971277E-01, 0.0000000E+00
* ELEM  462  circle
 2, 150, 149
*
  4.3700000E+00, 1.2170000E+01, 4.4700000E-01, 0.0000000E+00
* ELEM  463  circle
 2, 151, 150
*
  4.3700000E+00, 1.2170000E+01, 4.3800000E-01, 0.0000000E+00
* ELEM  464  circle
 2, 152, 151
*
  4.3700000E+00, 1.2170000E+01, 4.2690959E-01, 0.0000000E+00
* ELEM  465  circle
 2, 153, 152
*
  4.3700000E+00, 1.2170000E+01, 3.9175911E-01, 0.0000000E+00
* ELEM  466  circle
 2, 154, 153
*
  4.3700000E+00, 1.2170000E+01, 3.0971277E-01, 0.0000000E+00
* ELEM  467  circle
 2, 157, 156
*
  3.0700000E+00, 1.2170000E+01, 4.4700000E-01, 0.0000000E+00
* ELEM  468  circle
 2, 158, 157
*
  3.0700000E+00, 1.2170000E+01, 4.3800000E-01, 0.0000000E+00
* ELEM  469  circle
 2, 159, 158
*
  3.0700000E+00, 1.2170000E+01, 4.2690959E-01, 0.0000000E+00
* ELEM  470  circle
 2, 160, 159
*
  3.0700000E+00, 1.2170000E+01, 3.9175911E-01, 0.0000000E+00
* ELEM  471  circle
 2, 161, 160
*
  3.0700000E+00, 1.2170000E+01, 3.0971277E-01, 0.0000000E+00
* ELEM  472  circle
 2, 164, 163
*
  1.7700000E+00, 1.2170000E+01, 4.4700000E-01, 0.0000000E+00
* ELEM  473  circle
 2, 165, 164
*
  1.7700000E+00, 1.2170000E+01, 4.3800000E-01, 0.0000000E+00
* ELEM  474  circle
 2, 166, 165
*
  1.7700000E+00, 1.2170000E+01, 4.2690959E-01, 0.0000000E+00
* ELEM  475  circle
 2, 167, 166
*
  1.7700000E+00, 1.2170000E+01, 3.9175911E-01, 0.0000000E+00
* ELEM  476  circle
 2, 168, 167
*
  1.7700000E+00, 1.2170000E+01, 3.0971277E-01, 0.0000000E+00
* ELEM  477  circle
 2, 171, 170
*
  1.3470000E+01, 1.0870000E+01, 4.4700000E-01, 0.0000000E+00
* ELEM  478  circle
 2, 172, 171
*
  1.3470000E+01, 1.0870000E+01, 4.3800000E-01, 0.0000000E+00
* ELEM  479  circle
 2, 173, 172
*
  1.3470000E+01, 1.0870000E+01, 4.2690959E-01, 0.0000000E+00
* ELEM  480  circle
 2, 174, 173
*
  1.3470000E+01, 1.0870000E+01, 3.9175911E-01, 0.0000000E+00
* ELEM  481  circle
 2, 175, 174
*
  1.3470000E+01, 1.0870000E+01, 3.0971277E-01, 0.0000000E+00
* ELEM  482  circle
 2, 178, 177
*
  1.2170000E+01, 1.0870000E+01, 4.4700000E-01, 0.0000000E+00
* ELEM  483  circle
 2, 179, 178
*
  1.2170000E+01, 1.0870000E+01, 4.3800000E-01, 0.0000000E+00
* ELEM  484  circle
 2, 180, 179
*
  1.2170000E+01, 1.0870000E+01, 4.2690959E-01, 0.0000000E+00
* ELEM  485  circle
 2, 181, 180
*
  1.2170000E+01, 1.0870000E+01, 3.9175911E-01, 0.0000000E+00
* ELEM  486  circle
 2, 182, 181
*
  1.2170000E+01, 1.0870000E+01, 3.3927334E-01, 0.0000000E+00
* ELEM  487  circle
 2, 183, 182
*
  1.2170000E+01, 1.0870000E+01, 2.7701552E-01, 0.0000000E+00
* ELEM  488  circle
 2, 184, 183
*
  1.2170000E+01, 1.0870000E+01, 1.9587955E-01, 0.0000000E+00
* ELEM  489  circle
 2, 187, 186
*
  1.0870000E+01, 1.0870000E+01, 4.4700000E-01, 0.0000000E+00
* ELEM  490  circle
 2, 188, 187
*
  1.0870000E+01, 1.0870000E+01, 4.3800000E-01, 0.0000000E+00
* ELEM  491  circle
 2, 189, 188
*
  1.0870000E+01, 1.0870000E+01, 4.2690959E-01, 0.0000000E+00
* ELEM  492  circle
 2, 190, 189
*
  1.0870000E+01, 1.0870000E+01, 3.9175911E-01, 0.0000000E+00
* ELEM  493  circle
 2, 191, 190
*
  1.0870000E+01, 1.0870000E+01, 3.0971277E-01, 0.0000000E+00
* ELEM  494  circle
 2, 194, 193
*
  9.5700000E+00, 1.0870000E+01, 4.4700000E-01, 0.0000000E+00
* ELEM  495  circle
 2, 195, 194
*
  9.5700000E+00, 1.0870000E+01, 4.3800000E-01, 0.0000000E+00
* ELEM  496  circle
 2, 196, 195
*
  9.5700000E+00, 1.0870000E+01, 4.2690959E-01, 0.0000000E+00
* ELEM  497  circle
 2, 197, 196
*
  9.5700000E+00, 1.0870000E+01, 3.9175911E-01, 0.0000000E+00
* ELEM  498  circle
 2, 198, 197
*
  9.5700000E+00, 1.0870000E+01, 3.3927334E-01, 0.0000000E+00
* ELEM  499  circle
 2, 199, 198
*
  9.5700000E+00, 1.0870000E+01, 2.7701552E-01, 0.0000000E+00
* ELEM  500  circle
 2, 200, 199
*
  9.5700000E+00, 1.0870000E+01, 1.9587955E-01, 0.0000000E+00
* ELEM  501  circle
 2, 203, 202
*
  8.2700000E+00, 1.0870000E+01, 4.4700000E-01, 0.0000000E+00
* ELEM  502  circle
 2, 204, 203
*
  8.2700000E+00, 1.0870000E+01, 4.3800000E-01, 0.0000000E+00
* ELEM  503  circle
 2, 205, 204
*
  8.2700000E+00, 1.0870000E+01, 4.2690959E-01, 0.0000000E+00
* ELEM  504  circle
 2, 206, 205
*
  8.2700000E+00, 1.0870000E+01, 3.9175911E-01, 0.0000000E+00
* ELEM  505  circle
 2, 207, 206
*
  8.2700000E+00, 1.0870000E+01, 3.0971277E-01, 0.0000000E+00
* ELEM  506  circle
 2, 210, 209
*
  6.9700000E+00, 1.0870000E+01, 4.4700000E-01, 0.0000000E+00
* ELEM  507  circle
 2, 211, 210
*
  6.9700000E+00, 1.0870000E+01, 4.3800000E-01, 0.0000000E+00
* ELEM  508  circle
 2, 212, 211
*
  6.9700000E+00, 1.0870000E+01, 4.2690959E-01, 0.0000000E+00
* ELEM  509  circle
 2, 213, 212
*
  6.9700000E+00, 1.0870000E+01, 3.9175911E-01, 0.0000000E+00
* ELEM  510  circle
 2, 214, 213
*
  6.9700000E+00, 1.0870000E+01, 3.3927334E-01, 0.0000000E+00
* ELEM  511  circle
 2, 215, 214
*
  6.9700000E+00, 1.0870000E+01, 2.7701552E-01, 0.0000000E+00
* ELEM  512  circle
 2, 216, 215
*
  6.9700000E+00, 1.0870000E+01, 1.9587955E-01, 0.0000000E+00
* ELEM  513  circle
 2, 219, 218
*
  5.6700000E+00, 1.0870000E+01, 4.4700000E-01, 0.0000000E+00
* ELEM  514  circle
 2, 220, 219
*
  5.6700000E+00, 1.0870000E+01, 4.3800000E-01, 0.0000000E+00
* ELEM  515  circle
 2, 221, 220
*
  5.6700000E+00, 1.0870000E+01, 4.2690959E-01, 0.0000000E+00
* ELEM  516  circle
 2, 222, 221
*
  5.6700000E+00, 1.0870000E+01, 3.9175911E-01, 0.0000000E+00
* ELEM  517  circle
 2, 223, 222
*
  5.6700000E+00, 1.0870000E+01, 3.0971277E-01, 0.0000000E+00
* ELEM  518  circle
 2, 226, 225
*
  4.3700000E+00, 1.0870000E+01, 4.4700000E-01, 0.0000000E+00
* ELEM  519  circle
 2, 227, 226
*
  4.3700000E+00, 1.0870000E+01, 4.3800000E-01, 0.0000000E+00
* ELEM  520  circle
 2, 228, 227
*
  4.3700000E+00, 1.0870000E+01, 4.2690959E-01, 0.0000000E+00
* ELEM  521  circle
 2, 229, 228
*
  4.3700000E+00, 1.0870000E+01, 3.9175911E-01, 0.0000000E+00
* ELEM  522  circle
 2, 230, 229
*
  4.3700000E+00, 1.0870000E+01, 3.3927334E-01, 0.0000000E+00
* ELEM  523  circle
 2, 231, 230
*
  4.3700000E+00, 1.0870000E+01, 2.7701552E-01, 0.0000000E+00
* ELEM  524  circle
 2, 232, 231
*
  4.3700000E+00, 1.0870000E+01, 1.9587955E-01, 0.0000000E+00
* ELEM  525  circle
 2, 235, 234
*
  3.0700000E+00, 1.0870000E+01, 4.4700000E-01, 0.0000000E+00
* ELEM  526  circle
 2, 236, 235
*
  3.0700000E+00, 1.0870000E+01, 4.3800000E-01, 0.0000000E+00
* ELEM  527  circle
 2, 237, 236
*
  3.0700000E+00, 1.0870000E+01, 4.2690959E-01, 0.0000000E+00
* ELEM  528  circle
 2, 238, 237
*
  3.0700000E+00, 1.0870000E+01, 3.9175911E-01, 0.0000000E+00
* ELEM  529  circle
 2, 239, 238
*
  3.0700000E+00, 1.0870000E+01, 3.0971277E-01, 0.0000000E+00
* ELEM  530  circle
 2, 242, 241
*
  1.7700000E+00, 1.0870000E+01, 4.4700000E-01, 0.0000000E+00
* ELEM  531  circle
 2, 243, 242
*
  1.7700000E+00, 1.0870000E+01, 4.3800000E-01, 0.0000000E+00
* ELEM  532  circle
 2, 244, 243
*
  1.7700000E+00, 1.0870000E+01, 4.2690959E-01, 0.0000000E+00
* ELEM  533  circle
 2, 245, 244
*
  1.7700000E+00, 1.0870000E+01, 3.9175911E-01, 0.0000000E+00
* ELEM  534  circle
 2, 246, 245
*
  1.7700000E+00, 1.0870000E+01, 3.0971277E-01, 0.0000000E+00
* ELEM  535  circle
 2, 249, 248
*
  1.3470000E+01, 9.5700000E+00, 4.4700000E-01, 0.0000000E+00
* ELEM  536  circle
 2, 250, 249
*
  1.3470000E+01, 9.5700000E+00, 4.3800000E-01, 0.0000000E+00
* ELEM  537  circle
 2, 251, 250
*
  1.3470000E+01, 9.5700000E+00, 4.2690959E-01, 0.0000000E+00
* ELEM  538  circle
 2, 252, 251
*
  1.3470000E+01, 9.5700000E+00, 3.9175911E-01, 0.0000000E+00
* ELEM  539  circle
 2, 253, 252
*
  1.3470000E+01, 9.5700000E+00, 3.0971277E-01, 0.0000000E+00
* ELEM  540  circle
 2, 256, 255
*
  1.2170000E+01, 9.5700000E+00, 4.4700000E-01, 0.0000000E+00
* ELEM  541  circle
 2, 257, 256
*
  1.2170000E+01, 9.5700000E+00, 4.3800000E-01, 0.0000000E+00
* ELEM  542  circle
 2, 258, 257
*
  1.2170000E+01, 9.5700000E+00, 4.2690959E-01, 0.0000000E+00
* ELEM  543  circle
 2, 259, 258
*
  1.2170000E+01, 9.5700000E+00, 3.9175911E-01, 0.0000000E+00
* ELEM  544  circle
 2, 260, 259
*
  1.2170000E+01, 9.5700000E+00, 3.0971277E-01, 0.0000000E+00
* ELEM  545  circle
 2, 263, 262
*
  1.0870000E+01, 9.5700000E+00, 4.4700000E-01, 0.0000000E+00
* ELEM  546  circle
 2, 264, 263
*
  1.0870000E+01, 9.5700000E+00, 4.3800000E-01, 0.0000000E+00
* ELEM  547  circle
 2, 265, 264
*
  1.0870000E+01, 9.5700000E+00, 4.2690959E-01, 0.0000000E+00
* ELEM  548  circle
 2, 266, 265
*
  1.0870000E+01, 9.5700000E+00, 3.9175911E-01, 0.0000000E+00
* ELEM  549  circle
 2, 267, 266
*
  1.0870000E+01, 9.5700000E+00, 3.0971277E-01, 0.0000000E+00
* ELEM  550  circle
 2, 270, 269
*
  6.9700000E+00, 9.5700000E+00, 4.4700000E-01, 0.0000000E+00
* ELEM  551  circle
 2, 271, 270
*
  6.9700000E+00, 9.5700000E+00, 4.3800000E-01, 0.0000000E+00
* ELEM  552  circle
 2, 272, 271
*
  6.9700000E+00, 9.5700000E+00, 4.2690959E-01, 0.0000000E+00
* ELEM  553  circle
 2, 273, 272
*
  6.9700000E+00, 9.5700000E+00, 3.9175911E-01, 0.0000000E+00
* ELEM  554  circle
 2, 274, 273
*
  6.9700000E+00, 9.5700000E+00, 3.0971277E-01, 0.0000000E+00
* ELEM  555  circle
 2, 277, 276
*
  5.6700000E+00, 9.5700000E+00, 4.4700000E-01, 0.0000000E+00
* ELEM  556  circle
 2, 278, 277
*
  5.6700000E+00, 9.5700000E+00, 4.3800000E-01, 0.0000000E+00
* ELEM  557  circle
 2, 279, 278
*
  5.6700000E+00, 9.5700000E+00, 4.2690959E-01, 0.0000000E+00
* ELEM  558  circle
 2, 280, 279
*
  5.6700000E+00, 9.5700000E+00, 3.9175911E-01, 0.0000000E+00
* ELEM  559  circle
 2, 281, 280
*
  5.6700000E+00, 9.5700000E+00, 3.3927334E-01, 0.0000000E+00
* ELEM  560  circle
 2, 282, 281
*
  5.6700000E+00, 9.5700000E+00, 2.7701552E-01, 0.0000000E+00
* ELEM  561  circle
 2, 283, 282
*
  5.6700000E+00, 9.5700000E+00, 1.9587955E-01, 0.0000000E+00
* ELEM  562  circle
 2, 286, 285
*
  4.3700000E+00, 9.5700000E+00, 4.4700000E-01, 0.0000000E+00
* ELEM  563  circle
 2, 287, 286
*
  4.3700000E+00, 9.5700000E+00, 4.3800000E-01, 0.0000000E+00
* ELEM  564  circle
 2, 288, 287
*
  4.3700000E+00, 9.5700000E+00, 4.2690959E-01, 0.0000000E+00
* ELEM  565  circle
 2, 289, 288
*
  4.3700000E+00, 9.5700000E+00, 3.9175911E-01, 0.0000000E+00
* ELEM  566  circle
 2, 290, 289
*
  4.3700000E+00, 9.5700000E+00, 3.0971277E-01, 0.0000000E+00
* ELEM  567  circle
 2, 293, 292
*
  3.0700000E+00, 9.5700000E+00, 4.4700000E-01, 0.0000000E+00
* ELEM  568  circle
 2, 294, 293
*
  3.0700000E+00, 9.5700000E+00, 4.3800000E-01, 0.0000000E+00
* ELEM  569  circle
 2, 295, 294
*
  3.0700000E+00, 9.5700000E+00, 4.2690959E-01, 0.0000000E+00
* ELEM  570  circle
 2, 296, 295
*
  3.0700000E+00, 9.5700000E+00, 3.9175911E-01, 0.0000000E+00
* ELEM  571  circle
 2, 297, 296
*
  3.0700000E+00, 9.5700000E+00, 3.0971277E-01, 0.0000000E+00
* ELEM  572  circle
 2, 300, 299
*
  1.7700000E+00, 9.5700000E+00, 4.4700000E-01, 0.0000000E+00
* ELEM  573  circle
 2, 301, 300
*
  1.7700000E+00, 9.5700000E+00, 4.3800000E-01, 0.0000000E+00
* ELEM  574  circle
 2, 302, 301
*
  1.7700000E+00, 9.5700000E+00, 4.2690959E-01, 0.0000000E+00
* ELEM  575  circle
 2, 303, 302
*
  1.7700000E+00, 9.5700000E+00, 3.9175911E-01, 0.0000000E+00
* ELEM  576  circle
 2, 304, 303
*
  1.7700000E+00, 9.5700000E+00, 3.0971277E-01, 0.0000000E+00
* ELEM  577  circle
 2, 307, 306
*
  1.3470000E+01, 8.2700000E+00, 4.4700000E-01, 0.0000000E+00
* ELEM  578  circle
 2, 308, 307
*
  1.3470000E+01, 8.2700000E+00, 4.3800000E-01, 0.0000000E+00
* ELEM  579  circle
 2, 309, 308
*
  1.3470000E+01, 8.2700000E+00, 4.2690959E-01, 0.0000000E+00
* ELEM  580  circle
 2, 310, 309
*
  1.3470000E+01, 8.2700000E+00, 3.9175911E-01, 0.0000000E+00
* ELEM  581  circle
 2, 311, 310
*
  1.3470000E+01, 8.2700000E+00, 3.0971277E-01, 0.0000000E+00
* ELEM  582  circle
 2, 314, 313
*
  1.2170000E+01, 8.2700000E+00, 4.4700000E-01, 0.0000000E+00
* ELEM  583  circle
 2, 315, 314
*
  1.2170000E+01, 8.2700000E+00, 4.3800000E-01, 0.0000000E+00
* ELEM  584  circle
 2, 316, 315
*
  1.2170000E+01, 8.2700000E+00, 4.2690959E-01, 0.0000000E+00
* ELEM  585  circle
 2, 317, 316
*
  1.2170000E+01, 8.2700000E+00, 3.9175911E-01, 0.0000000E+00
* ELEM  586  circle
 2, 318, 317
*
  1.2170000E+01, 8.2700000E+00, 3.0971277E-01, 0.0000000E+00
* ELEM  587  circle
 2, 321, 320
*
  1.0870000E+01, 8.2700000E+00, 4.4700000E-01, 0.0000000E+00
* ELEM  588  circle
 2, 322, 321
*
  1.0870000E+01, 8.2700000E+00, 4.3800000E-01, 0.0000000E+00
* ELEM  589  circle
 2, 323, 322
*
  1.0870000E+01, 8.2700000E+00, 4.2690959E-01, 0.0000000E+00
* ELEM  590  circle
 2, 324, 323
*
  1.0870000E+01, 8.2700000E+00, 3.9175911E-01, 0.0000000E+00
* ELEM  591  circle
 2, 325, 324
*
  1.0870000E+01, 8.2700000E+00, 3.0971277E-01, 0.0000000E+00
* ELEM  592  circle
 2, 328, 327
*
  6.9700000E+00, 8.2700000E+00, 4.4700000E-01, 0.0000000E+00
* ELEM  593  circle
 2, 329, 328
*
  6.9700000E+00, 8.2700000E+00, 4.3800000E-01, 0.0000000E+00
* ELEM  594  circle
 2, 330, 329
*
  6.9700000E+00, 8.2700000E+00, 4.2690959E-01, 0.0000000E+00
* ELEM  595  circle
 2, 331, 330
*
  6.9700000E+00, 8.2700000E+00, 3.9175911E-01, 0.0000000E+00
* ELEM  596  circle
 2, 332, 331
*
  6.9700000E+00, 8.2700000E+00, 3.0971277E-01, 0.0000000E+00
* ELEM  597  circle
 2, 335, 334
*
  5.6700000E+00, 8.2700000E+00, 4.4700000E-01, 0.0000000E+00
* ELEM  598  circle
 2, 336, 335
*
  5.6700000E+00, 8.2700000E+00, 4.3800000E-01, 0.0000000E+00
* ELEM  599  circle
 2, 337, 336
*
  5.6700000E+00, 8.2700000E+00, 4.2690959E-01, 0.0000000E+00
* ELEM  600  circle
 2, 338, 337
*
  5.6700000E+00, 8.2700000E+00, 3.9175911E-01, 0.0000000E+00
* ELEM  601  circle
 2, 339, 338
*
  5.6700000E+00, 8.2700000E+00, 3.0971277E-01, 0.0000000E+00
* ELEM  602  circle
 2, 342, 341
*
  4.3700000E+00, 8.2700000E+00, 4.4700000E-01, 0.0000000E+00
* ELEM  603  circle
 2, 343, 342
*
  4.3700000E+00, 8.2700000E+00, 4.3800000E-01, 0.0000000E+00
* ELEM  604  circle
 2, 344, 343
*
  4.3700000E+00, 8.2700000E+00, 4.2690959E-01, 0.0000000E+00
* ELEM  605  circle
 2, 345, 344
*
  4.3700000E+00, 8.2700000E+00, 3.9175911E-01, 0.0000000E+00
* ELEM  606  circle
 2, 346, 345
*
  4.3700000E+00, 8.2700000E+00, 3.3927334E-01, 0.0000000E+00
* ELEM  607  circle
 2, 347, 346
*
  4.3700000E+00, 8.2700000E+00, 2.7701552E-01, 0.0000000E+00
* ELEM  608  circle
 2, 348, 347
*
  4.3700000E+00, 8.2700000E+00, 1.9587955E-01, 0.0000000E+00
* ELEM  609  circle
 2, 351, 350
*
  3.0700000E+00, 8.2700000E+00, 4.4700000E-01, 0.0000000E+00
* ELEM  610  circle
 2, 352, 351
*
  3.0700000E+00, 8.2700000E+00, 4.3800000E-01, 0.0000000E+00
* ELEM  611  circle
 2, 353, 352
*
  3.0700000E+00, 8.2700000E+00, 4.2690959E-01, 0.0000000E+00
* ELEM  612  circle
 2, 354, 353
*
  3.0700000E+00, 8.2700000E+00, 3.9175911E-01, 0.0000000E+00
* ELEM  613  circle
 2, 355, 354
*
  3.0700000E+00, 8.2700000E+00, 3.0971277E-01, 0.0000000E+00
* ELEM  614  circle
 2, 358, 357
*
  1.7700000E+00, 8.2700000E+00, 4.4700000E-01, 0.0000000E+00
* ELEM  615  circle
 2, 359, 358
*
  1.7700000E+00, 8.2700000E+00, 4.3800000E-01, 0.0000000E+00
* ELEM  616  circle
 2, 360, 359
*
  1.7700000E+00, 8.2700000E+00, 4.2690959E-01, 0.0000000E+00
* ELEM  617  circle
 2, 361, 360
*
  1.7700000E+00, 8.2700000E+00, 3.9175911E-01, 0.0000000E+00
* ELEM  618  circle
 2, 362, 361
*
  1.7700000E+00, 8.2700000E+00, 3.0971277E-01, 0.0000000E+00
* ELEM  619  circle
 2, 365, 364
*
  1.3470000E+01, 6.9700000E+00, 4.4700000E-01, 0.0000000E+00
* ELEM  620  circle
 2, 366, 365
*
  1.3470000E+01, 6.9700000E+00, 4.3800000E-01, 0.0000000E+00
* ELEM  621  circle
 2, 367, 366
*
  1.3470000E+01, 6.9700000E+00, 4.2690959E-01, 0.0000000E+00
* ELEM  622  circle
 2, 368, 367
*
  1.3470000E+01, 6.9700000E+00, 3.9175911E-01, 0.0000000E+00
* ELEM  623  circle
 2, 369, 368
*
  1.3470000E+01, 6.9700000E+00, 3.0971277E-01, 0.0000000E+00
* ELEM  624  circle
 2, 372, 371
*
  1.2170000E+01, 6.9700000E+00, 4.4700000E-01, 0.0000000E+00
* ELEM  625  circle
 2, 373, 372
*
  1.2170000E+01, 6.9700000E+00, 4.3800000E-01, 0.0000000E+00
* ELEM  626  circle
 2, 374, 373
*
  1.2170000E+01, 6.9700000E+00, 4.2690959E-01, 0.0000000E+00
* ELEM  627  circle
 2, 375, 374
*
  1.2170000E+01, 6.9700000E+00, 3.9175911E-01, 0.0000000E+00
* ELEM  628  circle
 2, 376, 375
*
  1.2170000E+01, 6.9700000E+00, 3.3927334E-01, 0.0000000E+00
* ELEM  629  circle
 2, 377, 376
*
  1.2170000E+01, 6.9700000E+00, 2.7701552E-01, 0.0000000E+00
* ELEM  630  circle
 2, 378, 377
*
  1.2170000E+01, 6.9700000E+00, 1.9587955E-01, 0.0000000E+00
* ELEM  631  circle
 2, 381, 380
*
  1.0870000E+01, 6.9700000E+00, 4.4700000E-01, 0.0000000E+00
* ELEM  632  circle
 2, 382, 381
*
  1.0870000E+01, 6.9700000E+00, 4.3800000E-01, 0.0000000E+00
* ELEM  633  circle
 2, 383, 382
*
  1.0870000E+01, 6.9700000E+00, 4.2690959E-01, 0.0000000E+00
* ELEM  634  circle
 2, 384, 383
*
  1.0870000E+01, 6.9700000E+00, 3.9175911E-01, 0.0000000E+00
* ELEM  635  circle
 2, 385, 384
*
  1.0870000E+01, 6.9700000E+00, 3.0971277E-01, 0.0000000E+00
* ELEM  636  circle
 2, 388, 387
*
  9.5700000E+00, 6.9700000E+00, 4.4700000E-01, 0.0000000E+00
* ELEM  637  circle
 2, 389, 388
*
  9.5700000E+00, 6.9700000E+00, 4.3800000E-01, 0.0000000E+00
* ELEM  638  circle
 2, 390, 389
*
  9.5700000E+00, 6.9700000E+00, 4.2690959E-01, 0.0000000E+00
* ELEM  639  circle
 2, 391, 390
*
  9.5700000E+00, 6.9700000E+00, 3.9175911E-01, 0.0000000E+00
* ELEM  640  circle
 2, 392, 391
*
  9.5700000E+00, 6.9700000E+00, 3.0971277E-01, 0.0000000E+00
* ELEM  641  circle
 2, 395, 394
*
  8.2700000E+00, 6.9700000E+00, 4.4700000E-01, 0.0000000E+00
* ELEM  642  circle
 2, 396, 395
*
  8.2700000E+00, 6.9700000E+00, 4.3800000E-01, 0.0000000E+00
* ELEM  643  circle
 2, 397, 396
*
  8.2700000E+00, 6.9700000E+00, 4.2690959E-01, 0.0000000E+00
* ELEM  644  circle
 2, 398, 397
*
  8.2700000E+00, 6.9700000E+00, 3.9175911E-01, 0.0000000E+00
* ELEM  645  circle
 2, 399, 398
*
  8.2700000E+00, 6.9700000E+00, 3.0971277E-01, 0.0000000E+00
* ELEM  646  circle
 2, 402, 401
*
  4.3700000E+00, 6.9700000E+00, 4.4700000E-01, 0.0000000E+00
* ELEM  647  circle
 2, 403, 402
*
  4.3700000E+00, 6.9700000E+00, 4.3800000E-01, 0.0000000E+00
* ELEM  648  circle
 2, 404, 403
*
  4.3700000E+00, 6.9700000E+00, 4.2690959E-01, 0.0000000E+00
* ELEM  649  circle
 2, 405, 404
*
  4.3700000E+00, 6.9700000E+00, 3.9175911E-01, 0.0000000E+00
* ELEM  650  circle
 2, 406, 405
*
  4.3700000E+00, 6.9700000E+00, 3.0971277E-01, 0.0000000E+00
* ELEM  651  circle
 2, 409, 408
*
  3.0700000E+00, 6.9700000E+00, 4.4700000E-01, 0.0000000E+00
* ELEM  652  circle
 2, 410, 409
*
  3.0700000E+00, 6.9700000E+00, 4.3800000E-01, 0.0000000E+00
* ELEM  653  circle
 2, 411, 410
*
  3.0700000E+00, 6.9700000E+00, 4.2690959E-01, 0.0000000E+00
* ELEM  654  circle
 2, 412, 411
*
  3.0700000E+00, 6.9700000E+00, 3.9175911E-01, 0.0000000E+00
* ELEM  655  circle
 2, 413, 412
*
  3.0700000E+00, 6.9700000E+00, 3.3927334E-01, 0.0000000E+00
* ELEM  656  circle
 2, 414, 413
*
  3.0700000E+00, 6.9700000E+00, 2.7701552E-01, 0.0000000E+00
* ELEM  657  circle
 2, 415, 414
*
  3.0700000E+00, 6.9700000E+00, 1.9587955E-01, 0.0000000E+00
* ELEM  658  circle
 2, 418, 417
*
  1.7700000E+00, 6.9700000E+00, 4.4700000E-01, 0.0000000E+00
* ELEM  659  circle
 2, 419, 418
*
  1.7700000E+00, 6.9700000E+00, 4.3800000E-01, 0.0000000E+00
* ELEM  660  circle
 2, 420, 419
*
  1.7700000E+00, 6.9700000E+00, 4.2690959E-01, 0.0000000E+00
* ELEM  661  circle
 2, 421, 420
*
  1.7700000E+00, 6.9700000E+00, 3.9175911E-01, 0.0000000E+00
* ELEM  662  circle
 2, 422, 421
*
  1.7700000E+00, 6.9700000E+00, 3.0971277E-01, 0.0000000E+00
* ELEM  663  circle
 2, 425, 424
*
  1.3470000E+01, 5.6700000E+00, 4.4700000E-01, 0.0000000E+00
* ELEM  664  circle
 2, 426, 425
*
  1.3470000E+01, 5.6700000E+00, 4.3800000E-01, 0.0000000E+00
* ELEM  665  circle
 2, 427, 426
*
  1.3470000E+01, 5.6700000E+00, 4.2690959E-01, 0.0000000E+00
* ELEM  666  circle
 2, 428, 427
*
  1.3470000E+01, 5.6700000E+00, 3.9175911E-01, 0.0000000E+00
* ELEM  667  circle
 2, 429, 428
*
  1.3470000E+01, 5.6700000E+00, 3.0971277E-01, 0.0000000E+00
* ELEM  668  circle
 2, 432, 431
*
  1.2170000E+01, 5.6700000E+00, 4.4700000E-01, 0.0000000E+00
* ELEM  669  circle
 2, 433, 432
*
  1.2170000E+01, 5.6700000E+00, 4.3800000E-01, 0.0000000E+00
* ELEM  670  circle
 2, 434, 433
*
  1.2170000E+01, 5.6700000E+00, 4.2690959E-01, 0.0000000E+00
* ELEM  671  circle
 2, 435, 434
*
  1.2170000E+01, 5.6700000E+00, 3.9175911E-01, 0.0000000E+00
* ELEM  672  circle
 2, 436, 435
*
  1.2170000E+01, 5.6700000E+00, 3.0971277E-01, 0.0000000E+00
* ELEM  673  circle
 2, 439, 438
*
  1.0870000E+01, 5.6700000E+00, 4.4700000E-01, 0.0000000E+00
* ELEM  674  circle
 2, 440, 439
*
  1.0870000E+01, 5.6700000E+00, 4.3800000E-01, 0.0000000E+00
* ELEM  675  circle
 2, 441, 440
*
  1.0870000E+01, 5.6700000E+00, 4.2690959E-01, 0.0000000E+00
* ELEM  676  circle
 2, 442, 441
*
  1.0870000E+01, 5.6700000E+00, 3.9175911E-01, 0.0000000E+00
* ELEM  677  circle
 2, 443, 442
*
  1.0870000E+01, 5.6700000E+00, 3.3927334E-01, 0.0000000E+00
* ELEM  678  circle
 2, 444, 443
*
  1.0870000E+01, 5.6700000E+00, 2.7701552E-01, 0.0000000E+00
* ELEM  679  circle
 2, 445, 444
*
  1.0870000E+01, 5.6700000E+00, 1.9587955E-01, 0.0000000E+00
* ELEM  680  circle
 2, 448, 447
*
  9.5700000E+00, 5.6700000E+00, 4.4700000E-01, 0.0000000E+00
* ELEM  681  circle
 2, 449, 448
*
  9.5700000E+00, 5.6700000E+00, 4.3800000E-01, 0.0000000E+00
* ELEM  682  circle
 2, 450, 449
*
  9.5700000E+00, 5.6700000E+00, 4.2690959E-01, 0.0000000E+00
* ELEM  683  circle
 2, 451, 450
*
  9.5700000E+00, 5.6700000E+00, 3.9175911E-01, 0.0000000E+00
* ELEM  684  circle
 2, 452, 451
*
  9.5700000E+00, 5.6700000E+00, 3.0971277E-01, 0.0000000E+00
* ELEM  685  circle
 2, 455, 454
*
  8.2700000E+00, 5.6700000E+00, 4.4700000E-01, 0.0000000E+00
* ELEM  686  circle
 2, 456, 455
*
  8.2700000E+00, 5.6700000E+00, 4.3800000E-01, 0.0000000E+00
* ELEM  687  circle
 2, 457, 456
*
  8.2700000E+00, 5.6700000E+00, 4.2690959E-01, 0.0000000E+00
* ELEM  688  circle
 2, 458, 457
*
  8.2700000E+00, 5.6700000E+00, 3.9175911E-01, 0.0000000E+00
* ELEM  689  circle
 2, 459, 458
*
  8.2700000E+00, 5.6700000E+00, 3.0971277E-01, 0.0000000E+00
* ELEM  690  circle
 2, 462, 461
*
  4.3700000E+00, 5.6700000E+00, 4.4700000E-01, 0.0000000E+00
* ELEM  691  circle
 2, 463, 462
*
  4.3700000E+00, 5.6700000E+00, 4.3800000E-01, 0.0000000E+00
* ELEM  692  circle
 2, 464, 463
*
  4.3700000E+00, 5.6700000E+00, 4.2690959E-01, 0.0000000E+00
* ELEM  693  circle
 2, 465, 464
*
  4.3700000E+00, 5.6700000E+00, 3.9175911E-01, 0.0000000E+00
* ELEM  694  circle
 2, 466, 465
*
  4.3700000E+00, 5.6700000E+00, 3.3927334E-01, 0.0000000E+00
* ELEM  695  circle
 2, 467, 466
*
  4.3700000E+00, 5.6700000E+00, 2.7701552E-01, 0.0000000E+00
* ELEM  696  circle
 2, 468, 467
*
  4.3700000E+00, 5.6700000E+00, 1.9587955E-01, 0.0000000E+00
* ELEM  697  circle
 2, 471, 470
*
  3.0700000E+00, 5.6700000E+00, 4.4700000E-01, 0.0000000E+00
* ELEM  698  circle
 2, 472, 471
*
  3.0700000E+00, 5.6700000E+00, 4.3800000E-01, 0.0000000E+00
* ELEM  699  circle
 2, 473, 472
*
  3.0700000E+00, 5.6700000E+00, 4.2690959E-01, 0.0000000E+00
* ELEM  700  circle
 2, 474, 473
*
  3.0700000E+00, 5.6700000E+00, 3.9175911E-01, 0.0000000E+00
* ELEM  701  circle
 2, 475, 474
*
  3.0700000E+00, 5.6700000E+00, 3.0971277E-01, 0.0000000E+00
* ELEM  702  circle
 2, 478, 477
*
  1.7700000E+00, 5.6700000E+00, 4.4700000E-01, 0.0000000E+00
* ELEM  703  circle
 2, 479, 478
*
  1.7700000E+00, 5.6700000E+00, 4.3800000E-01, 0.0000000E+00
* ELEM  704  circle
 2, 480, 479
*
  1.7700000E+00, 5.6700000E+00, 4.2690959E-01, 0.0000000E+00
* ELEM  705  circle
 2, 481, 480
*
  1.7700000E+00, 5.6700000E+00, 3.9175911E-01, 0.0000000E+00
* ELEM  706  circle
 2, 482, 481
*
  1.7700000E+00, 5.6700000E+00, 3.0971277E-01, 0.0000000E+00
* ELEM  707  circle
 2, 485, 484
*
  1.3470000E+01, 4.3700000E+00, 4.4700000E-01, 0.0000000E+00
* ELEM  708  circle
 2, 486, 485
*
  1.3470000E+01, 4.3700000E+00, 4.3800000E-01, 0.0000000E+00
* ELEM  709  circle
 2, 487, 486
*
  1.3470000E+01, 4.3700000E+00, 4.2690959E-01, 0.0000000E+00
* ELEM  710  circle
 2, 488, 487
*
  1.3470000E+01, 4.3700000E+00, 3.9175911E-01, 0.0000000E+00
* ELEM  711  circle
 2, 489, 488
*
  1.3470000E+01, 4.3700000E+00, 3.0971277E-01, 0.0000000E+00
* ELEM  712  circle
 2, 492, 491
*
  1.2170000E+01, 4.3700000E+00, 4.4700000E-01, 0.0000000E+00
* ELEM  713  circle
 2, 493, 492
*
  1.2170000E+01, 4.3700000E+00, 4.3800000E-01, 0.0000000E+00
* ELEM  714  circle
 2, 494, 493
*
  1.2170000E+01, 4.3700000E+00, 4.2690959E-01, 0.0000000E+00
* ELEM  715  circle
 2, 495, 494
*
  1.2170000E+01, 4.3700000E+00, 3.9175911E-01, 0.0000000E+00
* ELEM  716  circle
 2, 496, 495
*
  1.2170000E+01, 4.3700000E+00, 3.3927334E-01, 0.0000000E+00
* ELEM  717  circle
 2, 497, 496
*
  1.2170000E+01, 4.3700000E+00, 2.7701552E-01, 0.0000000E+00
* ELEM  718  circle
 2, 498, 497
*
  1.2170000E+01, 4.3700000E+00, 1.9587955E-01, 0.0000000E+00
* ELEM  719  circle
 2, 501, 500
*
  1.0870000E+01, 4.3700000E+00, 4.4700000E-01, 0.0000000E+00
* ELEM  720  circle
 2, 502, 501
*
  1.0870000E+01, 4.3700000E+00, 4.3800000E-01, 0.0000000E+00
* ELEM  721  circle
 2, 503, 502
*
  1.0870000E+01, 4.3700000E+00, 4.2690959E-01, 0.0000000E+00
* ELEM  722  circle
 2, 504, 503
*
  1.0870000E+01, 4.3700000E+00, 3.9175911E-01, 0.0000000E+00
* ELEM  723  circle
 2, 505, 504
*
  1.0870000E+01, 4.3700000E+00, 3.0971277E-01, 0.0000000E+00
* ELEM  724  circle
 2, 508, 507
*
  9.5700000E+00, 4.3700000E+00, 4.4700000E-01, 0.0000000E+00
* ELEM  725  circle
 2, 509, 508
*
  9.5700000E+00, 4.3700000E+00, 4.3800000E-01, 0.0000000E+00
* ELEM  726  circle
 2, 510, 509
*
  9.5700000E+00, 4.3700000E+00, 4.2690959E-01, 0.0000000E+00
* ELEM  727  circle
 2, 511, 510
*
  9.5700000E+00, 4.3700000E+00, 3.9175911E-01, 0.0000000E+00
* ELEM  728  circle
 2, 512, 511
*
  9.5700000E+00, 4.3700000E+00, 3.3927334E-01, 0.0000000E+00
* ELEM  729  circle
 2, 513, 512
*
  9.5700000E+00, 4.3700000E+00, 2.7701552E-01, 0.0000000E+00
* ELEM  730  circle
 2, 514, 513
*
  9.5700000E+00, 4.3700000E+00, 1.9587955E-01, 0.0000000E+00
* ELEM  731  circle
 2, 517, 516
*
  8.2700000E+00, 4.3700000E+00, 4.4700000E-01, 0.0000000E+00
* ELEM  732  circle
 2, 518, 517
*
  8.2700000E+00, 4.3700000E+00, 4.3800000E-01, 0.0000000E+00
* ELEM  733  circle
 2, 519, 518
*
  8.2700000E+00, 4.3700000E+00, 4.2690959E-01, 0.0000000E+00
* ELEM  734  circle
 2, 520, 519
*
  8.2700000E+00, 4.3700000E+00, 3.9175911E-01, 0.0000000E+00
* ELEM  735  circle
 2, 521, 520
*
  8.2700000E+00, 4.3700000E+00, 3.0971277E-01, 0.0000000E+00
* ELEM  736  circle
 2, 524, 523
*
  6.9700000E+00, 4.3700000E+00, 4.4700000E-01, 0.0000000E+00
* ELEM  737  circle
 2, 525, 524
*
  6.9700000E+00, 4.3700000E+00, 4.3800000E-01, 0.0000000E+00
* ELEM  738  circle
 2, 526, 525
*
  6.9700000E+00, 4.3700000E+00, 4.2690959E-01, 0.0000000E+00
* ELEM  739  circle
 2, 527, 526
*
  6.9700000E+00, 4.3700000E+00, 3.9175911E-01, 0.0000000E+00
* ELEM  740  circle
 2, 528, 527
*
  6.9700000E+00, 4.3700000E+00, 3.0971277E-01, 0.0000000E+00
* ELEM  741  circle
 2, 531, 530
*
  5.6700000E+00, 4.3700000E+00, 4.4700000E-01, 0.0000000E+00
* ELEM  742  circle
 2, 532, 531
*
  5.6700000E+00, 4.3700000E+00, 4.3800000E-01, 0.0000000E+00
* ELEM  743  circle
 2, 533, 532
*
  5.6700000E+00, 4.3700000E+00, 4.2690959E-01, 0.0000000E+00
* ELEM  744  circle
 2, 534, 533
*
  5.6700000E+00, 4.3700000E+00, 3.9175911E-01, 0.0000000E+00
* ELEM  745  circle
 2, 535, 534
*
  5.6700000E+00, 4.3700000E+00, 3.0971277E-01, 0.0000000E+00
* ELEM  746  circle
 2, 538, 537
*
  4.3700000E+00, 4.3700000E+00, 4.4700000E-01, 0.0000000E+00
* ELEM  747  circle
 2, 539, 538
*
  4.3700000E+00, 4.3700000E+00, 4.3800000E-01, 0.0000000E+00
* ELEM  748  circle
 2, 540, 539
*
  4.3700000E+00, 4.3700000E+00, 4.2690959E-01, 0.0000000E+00
* ELEM  749  circle
 2, 541, 540
*
  4.3700000E+00, 4.3700000E+00, 3.9175911E-01, 0.0000000E+00
* ELEM  750  circle
 2, 542, 541
*
  4.3700000E+00, 4.3700000E+00, 3.0971277E-01, 0.0000000E+00
* ELEM  751  circle
 2, 545, 544
*
  3.0700000E+00, 4.3700000E+00, 4.4700000E-01, 0.0000000E+00
* ELEM  752  circle
 2, 546, 545
*
  3.0700000E+00, 4.3700000E+00, 4.3800000E-01, 0.0000000E+00
* ELEM  753  circle
 2, 547, 546
*
  3.0700000E+00, 4.3700000E+00, 4.2690959E-01, 0.0000000E+00
* ELEM  754  circle
 2, 548, 547
*
  3.0700000E+00, 4.3700000E+00, 3.9175911E-01, 0.0000000E+00
* ELEM  755  circle
 2, 549, 548
*
  3.0700000E+00, 4.3700000E+00, 3.3927334E-01, 0.0000000E+00
* ELEM  756  circle
 2, 550, 549
*
  3.0700000E+00, 4.3700000E+00, 2.7701552E-01, 0.0000000E+00
* ELEM  757  circle
 2, 551, 550
*
  3.0700000E+00, 4.3700000E+00, 1.9587955E-01, 0.0000000E+00
* ELEM  758  circle
 2, 554, 553
*
  1.7700000E+00, 4.3700000E+00, 4.4700000E-01, 0.0000000E+00
* ELEM  759  circle
 2, 555, 554
*
  1.7700000E+00, 4.3700000E+00, 4.3800000E-01, 0.0000000E+00
* ELEM  760  circle
 2, 556, 555
*
  1.7700000E+00, 4.3700000E+00, 4.2690959E-01, 0.0000000E+00
* ELEM  761  circle
 2, 557, 556
*
  1.7700000E+00, 4.3700000E+00, 3.9175911E-01, 0.0000000E+00
* ELEM  762  circle
 2, 558, 557
*
  1.7700000E+00, 4.3700000E+00, 3.0971277E-01, 0.0000000E+00
* ELEM  763  circle
 2, 561, 560
*
  1.3470000E+01, 3.0700000E+00, 4.4700000E-01, 0.0000000E+00
* ELEM  764  circle
 2, 562, 561
*
  1.3470000E+01, 3.0700000E+00, 4.3800000E-01, 0.0000000E+00
* ELEM  765  circle
 2, 563, 562
*
  1.3470000E+01, 3.0700000E+00, 4.2690959E-01, 0.0000000E+00
* ELEM  766  circle
 2, 564, 563
*
  1.3470000E+01, 3.0700000E+00, 3.9175911E-01, 0.0000000E+00
* ELEM  767  circle
 2, 565, 564
*
  1.3470000E+01, 3.0700000E+00, 3.0971277E-01, 0.0000000E+00
* ELEM  768  circle
 2, 568, 567
*
  1.2170000E+01, 3.0700000E+00, 4.4700000E-01, 0.0000000E+00
* ELEM  769  circle
 2, 569, 568
*
  1.2170000E+01, 3.0700000E+00, 4.3800000E-01, 0.0000000E+00
* ELEM  770  circle
 2, 570, 569
*
  1.2170000E+01, 3.0700000E+00, 4.2690959E-01, 0.0000000E+00
* ELEM  771  circle
 2, 571, 570
*
  1.2170000E+01, 3.0700000E+00, 3.9175911E-01, 0.0000000E+00
* ELEM  772  circle
 2, 572, 571
*
  1.2170000E+01, 3.0700000E+00, 3.0971277E-01, 0.0000000E+00
* ELEM  773  circle
 2, 575, 574
*
  1.0870000E+01, 3.0700000E+00, 4.4700000E-01, 0.0000000E+00
* ELEM  774  circle
 2, 576, 575
*
  1.0870000E+01, 3.0700000E+00, 4.3800000E-01, 0.0000000E+00
* ELEM  775  circle
 2, 577, 576
*
  1.0870000E+01, 3.0700000E+00, 4.2690959E-01, 0.0000000E+00
* ELEM  776  circle
 2, 578, 577
*
  1.0870000E+01, 3.0700000E+00, 3.9175911E-01, 0.0000000E+00
* ELEM  777  circle
 2, 579, 578
*
  1.0870000E+01, 3.0700000E+00, 3.3927334E-01, 0.0000000E+00
* ELEM  778  circle
 2, 580, 579
*
  1.0870000E+01, 3.0700000E+00, 2.7701552E-01, 0.0000000E+00
* ELEM  779  circle
 2, 581, 580
*
  1.0870000E+01, 3.0700000E+00, 1.9587955E-01, 0.0000000E+00
* ELEM  780  circle
 2, 584, 583
*
  9.5700000E+00, 3.0700000E+00, 4.4700000E-01, 0.0000000E+00
* ELEM  781  circle
 2, 585, 584
*
  9.5700000E+00, 3.0700000E+00, 4.3800000E-01, 0.0000000E+00
* ELEM  782  circle
 2, 586, 585
*
  9.5700000E+00, 3.0700000E+00, 4.2690959E-01, 0.0000000E+00
* ELEM  783  circle
 2, 587, 586
*
  9.5700000E+00, 3.0700000E+00, 3.9175911E-01, 0.0000000E+00
* ELEM  784  circle
 2, 588, 587
*
  9.5700000E+00, 3.0700000E+00, 3.0971277E-01, 0.0000000E+00
* ELEM  785  circle
 2, 591, 590
*
  8.2700000E+00, 3.0700000E+00, 4.4700000E-01, 0.0000000E+00
* ELEM  786  circle
 2, 592, 591
*
  8.2700000E+00, 3.0700000E+00, 4.3800000E-01, 0.0000000E+00
* ELEM  787  circle
 2, 593, 592
*
  8.2700000E+00, 3.0700000E+00, 4.2690959E-01, 0.0000000E+00
* ELEM  788  circle
 2, 594, 593
*
  8.2700000E+00, 3.0700000E+00, 3.9175911E-01, 0.0000000E+00
* ELEM  789  circle
 2, 595, 594
*
  8.2700000E+00, 3.0700000E+00, 3.3927334E-01, 0.0000000E+00
* ELEM  790  circle
 2, 596, 595
*
  8.2700000E+00, 3.0700000E+00, 2.7701552E-01, 0.0000000E+00
* ELEM  791  circle
 2, 597, 596
*
  8.2700000E+00, 3.0700000E+00, 1.9587955E-01, 0.0000000E+00
* ELEM  792  circle
 2, 600, 599
*
  6.9700000E+00, 3.0700000E+00, 4.4700000E-01, 0.0000000E+00
* ELEM  793  circle
 2, 601, 600
*
  6.9700000E+00, 3.0700000E+00, 4.3800000E-01, 0.0000000E+00
* ELEM  794  circle
 2, 602, 601
*
  6.9700000E+00, 3.0700000E+00, 4.2690959E-01, 0.0000000E+00
* ELEM  795  circle
 2, 603, 602
*
  6.9700000E+00, 3.0700000E+00, 3.9175911E-01, 0.0000000E+00
* ELEM  796  circle
 2, 604, 603
*
  6.9700000E+00, 3.0700000E+00, 3.0971277E-01, 0.0000000E+00
* ELEM  797  circle
 2, 607, 606
*
  5.6700000E+00, 3.0700000E+00, 4.4700000E-01, 0.0000000E+00
* ELEM  798  circle
 2, 608, 607
*
  5.6700000E+00, 3.0700000E+00, 4.3800000E-01, 0.0000000E+00
* ELEM  799  circle
 2, 609, 608
*
  5.6700000E+00, 3.0700000E+00, 4.2690959E-01, 0.0000000E+00
* ELEM  800  circle
 2, 610, 609
*
  5.6700000E+00, 3.0700000E+00, 3.9175911E-01, 0.0000000E+00
* ELEM  801  circle
 2, 611, 610
*
  5.6700000E+00, 3.0700000E+00, 3.0971277E-01, 0.0000000E+00
* ELEM  802  circle
 2, 614, 613
*
  4.3700000E+00, 3.0700000E+00, 4.4700000E-01, 0.0000000E+00
* ELEM  803  circle
 2, 615, 614
*
  4.3700000E+00, 3.0700000E+00, 4.3800000E-01, 0.0000000E+00
* ELEM  804  circle
 2, 616, 615
*
  4.3700000E+00, 3.0700000E+00, 4.2690959E-01, 0.0000000E+00
* ELEM  805  circle
 2, 617, 616
*
  4.3700000E+00, 3.0700000E+00, 3.9175911E-01, 0.0000000E+00
* ELEM  806  circle
 2, 618, 617
*
  4.3700000E+00, 3.0700000E+00, 3.3927334E-01, 0.0000000E+00
* ELEM  807  circle
 2, 619, 618
*
  4.3700000E+00, 3.0700000E+00, 2.7701552E-01, 0.0000000E+00
* ELEM  808  circle
 2, 620, 619
*
  4.3700000E+00, 3.0700000E+00, 1.9587955E-01, 0.0000000E+00
* ELEM  809  circle
 2, 623, 622
*
  3.0700000E+00, 3.0700000E+00, 4.4700000E-01, 0.0000000E+00
* ELEM  810  circle
 2, 624, 623
*
  3.0700000E+00, 3.0700000E+00, 4.3800000E-01, 0.0000000E+00
* ELEM  811  circle
 2, 625, 624
*
  3.0700000E+00, 3.0700000E+00, 4.2690959E-01, 0.0000000E+00
* ELEM  812  circle
 2, 626, 625
*
  3.0700000E+00, 3.0700000E+00, 3.9175911E-01, 0.0000000E+00
* ELEM  813  circle
 2, 627, 626
*
  3.0700000E+00, 3.0700000E+00, 3.0971277E-01, 0.0000000E+00
* ELEM  814  circle
 2, 630, 629
*
  1.7700000E+00, 3.0700000E+00, 4.4700000E-01, 0.0000000E+00
* ELEM  815  circle
 2, 631, 630
*
  1.7700000E+00, 3.0700000E+00, 4.3800000E-01, 0.0000000E+00
* ELEM  816  circle
 2, 632, 631
*
  1.7700000E+00, 3.0700000E+00, 4.2690959E-01, 0.0000000E+00
* ELEM  817  circle
 2, 633, 632
*
  1.7700000E+00, 3.0700000E+00, 3.9175911E-01, 0.0000000E+00
* ELEM  818  circle
 2, 634, 633
*
  1.7700000E+00, 3.0700000E+00, 3.0971277E-01, 0.0000000E+00
* ELEM  819  circle
 2, 637, 636
*
  1.3470000E+01, 1.7700000E+00, 4.4700000E-01, 0.0000000E+00
* ELEM  820  circle
 2, 638, 637
*
  1.3470000E+01, 1.7700000E+00, 4.3800000E-01, 0.0000000E+00
* ELEM  821  circle
 2, 639, 638
*
  1.3470000E+01, 1.7700000E+00, 4.2690959E-01, 0.0000000E+00
* ELEM  822  circle
 2, 640, 639
*
  1.3470000E+01, 1.7700000E+00, 3.9175911E-01, 0.0000000E+00
* ELEM  823  circle
 2, 641, 640
*
  1.3470000E+01, 1.7700000E+00, 3.0971277E-01, 0.0000000E+00
* ELEM  824  circle
 2, 644, 643
*
  1.2170000E+01, 1.7700000E+00, 4.4700000E-01, 0.0000000E+00
* ELEM  825  circle
 2, 645, 644
*
  1.2170000E+01, 1.7700000E+00, 4.3800000E-01, 0.0000000E+00
* ELEM  826  circle
 2, 646, 645
*
  1.2170000E+01, 1.7700000E+00, 4.2690959E-01, 0.0000000E+00
* ELEM  827  circle
 2, 647, 646
*
  1.2170000E+01, 1.7700000E+00, 3.9175911E-01, 0.0000000E+00
* ELEM  828  circle
 2, 648, 647
*
  1.2170000E+01, 1.7700000E+00, 3.0971277E-01, 0.0000000E+00
* ELEM  829  circle
 2, 651, 650
*
  1.0870000E+01, 1.7700000E+00, 4.4700000E-01, 0.0000000E+00
* ELEM  830  circle
 2, 652, 651
*
  1.0870000E+01, 1.7700000E+00, 4.3800000E-01, 0.0000000E+00
* ELEM  831  circle
 2, 653, 652
*
  1.0870000E+01, 1.7700000E+00, 4.2690959E-01, 0.0000000E+00
* ELEM  832  circle
 2, 654, 653
*
  1.0870000E+01, 1.7700000E+00, 3.9175911E-01, 0.0000000E+00
* ELEM  833  circle
 2, 655, 654
*
  1.0870000E+01, 1.7700000E+00, 3.0971277E-01, 0.0000000E+00
* ELEM  834  circle
 2, 658, 657
*
  9.5700000E+00, 1.7700000E+00, 4.4700000E-01, 0.0000000E+00
* ELEM  835  circle
 2, 659, 658
*
  9.5700000E+00, 1.7700000E+00, 4.3800000E-01, 0.0000000E+00
* ELEM  836  circle
 2, 660, 659
*
  9.5700000E+00, 1.7700000E+00, 4.2690959E-01, 0.0000000E+00
* ELEM  837  circle
 2, 661, 660
*
  9.5700000E+00, 1.7700000E+00, 3.9175911E-01, 0.0000000E+00
* ELEM  838  circle
 2, 662, 661
*
  9.5700000E+00, 1.7700000E+00, 3.0971277E-01, 0.0000000E+00
* ELEM  839  circle
 2, 665, 664
*
  8.2700000E+00, 1.7700000E+00, 4.4700000E-01, 0.0000000E+00
* ELEM  840  circle
 2, 666, 665
*
  8.2700000E+00, 1.7700000E+00, 4.3800000E-01, 0.0000000E+00
* ELEM  841  circle
 2, 667, 666
*
  8.2700000E+00, 1.7700000E+00, 4.2690959E-01, 0.0000000E+00
* ELEM  842  circle
 2, 668, 667
*
  8.2700000E+00, 1.7700000E+00, 3.9175911E-01, 0.0000000E+00
* ELEM  843  circle
 2, 669, 668
*
  8.2700000E+00, 1.7700000E+00, 3.0971277E-01, 0.0000000E+00
* ELEM  844  circle
 2, 672, 671
*
  6.9700000E+00, 1.7700000E+00, 4.4700000E-01, 0.0000000E+00
* ELEM  845  circle
 2, 673, 672
*
  6.9700000E+00, 1.7700000E+00, 4.3800000E-01, 0.0000000E+00
* ELEM  846  circle
 2, 674, 673
*
  6.9700000E+00, 1.7700000E+00, 4.2690959E-01, 0.0000000E+00
* ELEM  847  circle
 2, 675, 674
*
  6.9700000E+00, 1.7700000E+00, 3.9175911E-01, 0.0000000E+00
* ELEM  848  circle
 2, 676, 675
*
  6.9700000E+00, 1.7700000E+00, 3.0971277E-01, 0.0000000E+00
* ELEM  849  circle
 2, 679, 678
*
  5.6700000E+00, 1.7700000E+00, 4.4700000E-01, 0.0000000E+00
* ELEM  850  circle
 2, 680, 679
*
  5.6700000E+00, 1.7700000E+00, 4.3800000E-01, 0.0000000E+00
* ELEM  851  circle
 2, 681, 680
*
  5.6700000E+00, 1.7700000E+00, 4.2690959E-01, 0.0000000E+00
* ELEM  852  circle
 2, 682, 681
*
  5.6700000E+00, 1.7700000E+00, 3.9175911E-01, 0.0000000E+00
* ELEM  853  circle
 2, 683, 682
*
  5.6700000E+00, 1.7700000E+00, 3.0971277E-01, 0.0000000E+00
* ELEM  854  circle
 2, 686, 685
*
  4.3700000E+00, 1.7700000E+00, 4.4700000E-01, 0.0000000E+00
* ELEM  855  circle
 2, 687, 686
*
  4.3700000E+00, 1.7700000E+00, 4.3800000E-01, 0.0000000E+00
* ELEM  856  circle
 2, 688, 687
*
  4.3700000E+00, 1.7700000E+00, 4.2690959E-01, 0.0000000E+00
* ELEM  857  circle
 2, 689, 688
*
  4.3700000E+00, 1.7700000E+00, 3.9175911E-01, 0.0000000E+00
* ELEM  858  circle
 2, 690, 689
*
  4.3700000E+00, 1.7700000E+00, 3.0971277E-01, 0.0000000E+00
* ELEM  859  circle
 2, 693, 692
*
  3.0700000E+00, 1.7700000E+00, 4.4700000E-01, 0.0000000E+00
* ELEM  860  circle
 2, 694, 693
*
  3.0700000E+00, 1.7700000E+00, 4.3800000E-01, 0.0000000E+00
* ELEM  861  circle
 2, 695, 694
*
  3.0700000E+00, 1.7700000E+00, 4.2690959E-01, 0.0000000E+00
* ELEM  862  circle
 2, 696, 695
*
  3.0700000E+00, 1.7700000E+00, 3.9175911E-01, 0.0000000E+00
* ELEM  863  circle
 2, 697, 696
*
  3.0700000E+00, 1.7700000E+00, 3.0971277E-01, 0.0000000E+00
* ELEM  864  circle
 2, 700, 699
*
  1.7700000E+00, 1.7700000E+00, 4.4700000E-01, 0.0000000E+00
* ELEM  865  circle
 2, 701, 700
*
  1.7700000E+00, 1.7700000E+00, 4.3800000E-01, 0.0000000E+00
* ELEM  866  circle
 2, 702, 701
*
  1.7700000E+00, 1.7700000E+00, 4.2690959E-01, 0.0000000E+00
* ELEM  867  circle
 2, 703, 702
*
  1.7700000E+00, 1.7700000E+00, 3.9175911E-01, 0.0000000E+00
* ELEM  868  circle
 2, 704, 703
*
  1.7700000E+00, 1.7700000E+00, 3.0971277E-01, 0.0000000E+00
* boundaries conditions: defaul nbbcda allsur
  0, 0, 0
* albedo
  1.0
#  1 - COOLANT
#  2 - CLAD
#  3 - MODERATOR
#  4 - GAP
#  5 - UOX280
#  6 - UOX395
#  7 - UOX320
#  8 - UOX160
#  9 - UOX440_Gd6
# 10 - UOX395_Gd8
# 11 - UOX360
# 12 - UOX490
# 13 - UOX440
# 14 - UOX490_Gd6
# 15 - UOX440_Gd3
# 16 - UOX490_Gd8
# 17 - CHANNEL_BOX
* medium number per region
  1
  1
  1
  1
  2
  2
  2
  2
  3
  3
  3
  3
  1
  1
  1
  1
  2
  2
  2
  2
  3
  3
  3
  3
  1
  2
  4
  5
  5
  5
  5
  1
  2
  4
  6
  6
  6
  6
  1
  2
  4
  6
  6
  6
  6
  1
  2
  4
  6
  6
  6
  6
  1
  2
  4
  6
  6
  6
  6
  1
  2
  4
  6
  6
  6
  6
  1
  2
  4
  6
  6
  6
  6
  1
  2
  4
  7
  7
  7
  7
  1
  2
  4
  5
  5
  5
  5
  1
  2
  4
  8
  8
  8
  8
  1
  2
  4
  6
  6
  6
  6
  1
  2
  4
  6
  6
  6
  6
  1
  2
  4
  9
  9
  9
  9
  9
  9
  1
  2
  4
  6
  6
  6
  6
  1
  2
  4
  10
  10
  10
  10
  10
  10
  1
  2
  4
  11
  11
  11
  11
  1
  2
  4
  6
  6
  6
  6
  1
  2
  4
  7
  7
  7
  7
  1
  2
  4
  5
  5
  5
  5
  1
  2
  4
  5
  5
  5
  5
  1
  2
  4
  12
  12
  12
  12
  1
  2
  4
  9
  9
  9
  9
  9
  9
  1
  2
  4
  13
  13
  13
  13
  1
  2
  4
  9
  9
  9
  9
  9
  9
  1
  2
  4
  13
  13
  13
  13
  1
  2
  4
  14
  14
  14
  14
  14
  14
  1
  2
  4
  13
  13
  13
  13
  1
  2
  4
  15
  15
  15
  15
  15
  15
  1
  2
  4
  7
  7
  7
  7
  1
  2
  4
  7
  7
  7
  7
  1
  2
  4
  12
  12
  12
  12
  1
  2
  4
  12
  12
  12
  12
  1
  2
  4
  12
  12
  12
  12
  1
  2
  4
  6
  6
  6
  6
  1
  2
  4
  16
  16
  16
  16
  16
  16
  1
  2
  4
  13
  13
  13
  13
  1
  2
  4
  6
  6
  6
  6
  1
  2
  4
  6
  6
  6
  6
  1
  2
  4
  12
  12
  12
  12
  1
  2
  4
  12
  12
  12
  12
  1
  2
  4
  12
  12
  12
  12
  1
  2
  4
  12
  12
  12
  12
  1
  2
  4
  6
  6
  6
  6
  1
  2
  4
  14
  14
  14
  14
  14
  14
  1
  2
  4
  11
  11
  11
  11
  1
  2
  4
  6
  6
  6
  6
  1
  2
  4
  12
  12
  12
  12
  1
  2
  4
  16
  16
  16
  16
  16
  16
  1
  2
  4
  12
  12
  12
  12
  1
  2
  4
  12
  12
  12
  12
  1
  2
  4
  12
  12
  12
  12
  1
  2
  4
  13
  13
  13
  13
  1
  2
  4
  10
  10
  10
  10
  10
  10
  1
  2
  4
  6
  6
  6
  6
  1
  2
  4
  12
  12
  12
  12
  1
  2
  4
  12
  12
  12
  12
  1
  2
  4
  16
  16
  16
  16
  16
  16
  1
  2
  4
  12
  12
  12
  12
  1
  2
  4
  12
  12
  12
  12
  1
  2
  4
  9
  9
  9
  9
  9
  9
  1
  2
  4
  6
  6
  6
  6
  1
  2
  4
  6
  6
  6
  6
  1
  2
  4
  12
  12
  12
  12
  1
  2
  4
  16
  16
  16
  16
  16
  16
  1
  2
  4
  12
  12
  12
  12
  1
  2
  4
  16
  16
  16
  16
  16
  16
  1
  2
  4
  12
  12
  12
  12
  1
  2
  4
  12
  12
  12
  12
  1
  2
  4
  12
  12
  12
  12
  1
  2
  4
  13
  13
  13
  13
  1
  2
  4
  9
  9
  9
  9
  9
  9
  1
  2
  4
  6
  6
  6
  6
  1
  2
  4
  12
  12
  12
  12
  1
  2
  4
  12
  12
  12
  12
  1
  2
  4
  16
  16
  16
  16
  16
  16
  1
  2
  4
  12
  12
  12
  12
  1
  2
  4
  16
  16
  16
  16
  16
  16
  1
  2
  4
  12
  12
  12
  12
  1
  2
  4
  12
  12
  12
  12
  1
  2
  4
  9
  9
  9
  9
  9
  9
  1
  2
  4
  6
  6
  6
  6
  1
  2
  4
  6
  6
  6
  6
  1
  2
  4
  7
  7
  7
  7
  1
  2
  4
  12
  12
  12
  12
  1
  2
  4
  12
  12
  12
  12
  1
  2
  4
  12
  12
  12
  12
  1
  2
  4
  12
  12
  12
  12
  1
  2
  4
  12
  12
  12
  12
  1
  2
  4
  12
  12
  12
  12
  1
  2
  4
  12
  12
  12
  12
  1
  2
  4
  6
  6
  6
  6
  1
  2
  4
  5
  5
  5
  5
  3
  17
  1
  1
  1
  1
------------------------------------------------------------
   this is the last line generated by conversion
