
	dat input file for DRAGON5
------------------------------------------------------------


* typge, nbfo, node, elem, macr, nreg,    z, mac2
      0,    0,   558,   766,   100,  558,     0,     1
* index  kindex
      0       0  1
*     eps    eps0
  1.000000E-05   1.000000E-05
*   flux region number per geometry region (mesh)
   1,   2,   3,   4,   5,   6,   7,   8,   9,  10,  11,  12,
  13,  14,  15,  16,  17,  18,  19,  20,  21,  22,  23,  24,
  25,  26,  27,  28,  29,  30,  31,  32,  33,  34,  35,  36,
  37,  38,  39,  40,  41,  42,  43,  44,  45,  46,  47,  48,
  49,  50,  51,  52,  53,  54,  55,  56,  57,  58,  59,  60,
  61,  62,  63,  64,  65,  66,  67,  68,  69,  70,  71,  72,
  73,  74,  75,  76,  77,  78,  79,  80,  81,  82,  83,  84,
  85,  86,  87,  88,  89,  90,  91,  92,  93,  94,  95,  96,
  97,  98,  99, 100, 101, 102, 103, 104, 105, 106, 107, 108,
 109, 110, 111, 112, 113, 114, 115, 116, 117, 118, 119, 120,
 121, 122, 123, 124, 125, 126, 127, 128, 129, 130, 131, 132,
 133, 134, 135, 136, 137, 138, 139, 140, 141, 142, 143, 144,
 145, 146, 147, 148, 149, 150, 151, 152, 153, 154, 155, 156,
 157, 158, 159, 160, 161, 162, 163, 164, 165, 166, 167, 168,
 169, 170, 171, 172, 173, 174, 175, 176, 177, 178, 179, 180,
 181, 182, 183, 184, 185, 186, 187, 188, 189, 190, 191, 192,
 193, 194, 195, 196, 197, 198, 199, 200, 201, 202, 203, 204,
 205, 206, 207, 208, 209, 210, 211, 212, 213, 214, 215, 216,
 217, 218, 219, 220, 221, 222, 223, 224, 225, 226, 227, 228,
 229, 230, 231, 232, 233, 234, 235, 236, 237, 238, 239, 240,
 241, 242, 243, 244, 245, 246, 247, 248, 249, 250, 251, 252,
 253, 254, 255, 256, 257, 258, 259, 260, 261, 262, 263, 264,
 265, 266, 267, 268, 269, 270, 271, 272, 273, 274, 275, 276,
 277, 278, 279, 280, 281, 282, 283, 284, 285, 286, 287, 288,
 289, 290, 291, 292, 293, 294, 295, 296, 297, 298, 299, 300,
 301, 302, 303, 304, 305, 306, 307, 308, 309, 310, 311, 312,
 313, 314, 315, 316, 317, 318, 319, 320, 321, 322, 323, 324,
 325, 326, 327, 328, 329, 330, 331, 332, 333, 334, 335, 336,
 337, 338, 339, 340, 341, 342, 343, 344, 345, 346, 347, 348,
 349, 350, 351, 352, 353, 354, 355, 356, 357, 358, 359, 360,
 361, 362, 363, 364, 365, 366, 367, 368, 369, 370, 371, 372,
 373, 374, 375, 376, 377, 378, 379, 380, 381, 382, 383, 384,
 385, 386, 387, 388, 389, 390, 391, 392, 393, 394, 395, 396,
 397, 398, 399, 400, 401, 402, 403, 404, 405, 406, 407, 408,
 409, 410, 411, 412, 413, 414, 415, 416, 417, 418, 419, 420,
 421, 422, 423, 424, 425, 426, 427, 428, 429, 430, 431, 432,
 433, 434, 435, 436, 437, 438, 439, 440, 441, 442, 443, 444,
 445, 446, 447, 448, 449, 450, 451, 452, 453, 454, 455, 456,
 457, 458, 459, 460, 461, 462, 463, 464, 465, 466, 467, 468,
 469, 470, 471, 472, 473, 474, 475, 476, 477, 478, 479, 480,
 481, 482, 483, 484, 485, 486, 487, 488, 489, 490, 491, 492,
 493, 494, 495, 496, 497, 498, 499, 500, 501, 502, 503, 504,
 505, 506, 507, 508, 509, 510, 511, 512, 513, 514, 515, 516,
 517, 518, 519, 520, 521, 522, 523, 524, 525, 526, 527, 528,
 529, 530, 531, 532, 533, 534, 535, 536, 537, 538, 539, 540,
 541, 542, 543, 544, 545, 546, 547, 548, 549, 550, 551, 552,
 553, 554, 555, 556, 557, 558
*   names of macros
 MACRO03 MACRO04 MACRO05 MACRO06
 MACRO07 MACRO10 MACRO11 MACRO13
 MACRO14 MACRO15 MACRO16 MACRO17
 MACRO20 MACRO21 MACRO22 MACRO23
 MACRO24 MACRO25 MACRO26 MACRO27
 MACRO30 MACRO31 MACRO32 MACRO34
 MACRO35 MACRO36 MACRO37 MACRO40
 MACRO41 MACRO42 MACRO43 MACRO45
 MACRO46 MACRO47 MACRO50 MACRO51
 MACRO52 MACRO53 MACRO54 MACRO55
 MACRO56 MACRO57 MACRO60 MACRO61
 MACRO62 MACRO63 MACRO64 MACRO65
 MACRO66 MACRO67 MACRO71 MACRO72
 MACRO73 MACRO74 MACRO75 MACRO76
 MACRO77 MACRO00 MACRO01 MACRO02
 MACRO12 MACRO70 MACRO_WaterRod_1 MACRO_WaterRod_2
 BOT_1   BOT_2   BOT_3   BOT_4  
 BOT_5   BOT_6   BOT_7   BOT_8  
 TOP_1   TOP_2   TOP_3   TOP_4  
 TOP_5   TOP_6   TOP_7   TOP_8  
 LEFT_1  LEFT_2  LEFT_3  LEFT_4 
 LEFT_5  LEFT_6  LEFT_7  LEFT_8 
 RIGHT_1 RIGHT_2 RIGHT_3 RIGHT_4
 RIGHT_5 RIGHT_6 RIGHT_7 RIGHT_8
 CORNER_BL CORNER_BR CORNER_TL CORNER_TR
*   macro order number per flux region
  1,  1,  1,  1,  1,  1,  1,  2,  2,  2,  2,  2,
  2,  2,  3,  3,  3,  3,  3,  3,  3,  4,  4,  4,
  4,  4,  4,  4,  5,  5,  5,  5,  5,  5,  5,  6,
  6,  6,  6,  6,  6,  6,  7,  7,  7,  7,  7,  7,
  7,  8,  8,  8,  8,  8,  8,  8,  9,  9,  9,  9,
  9,  9,  9, 10, 10, 10, 10, 10, 10, 10, 11, 11,
 11, 11, 11, 11, 11, 11, 11, 12, 12, 12, 12, 12,
 12, 12, 13, 13, 13, 13, 13, 13, 13, 14, 14, 14,
 14, 14, 14, 14, 15, 15, 15, 15, 15, 15, 15, 16,
 16, 16, 16, 16, 16, 16, 17, 17, 17, 17, 17, 17,
 17, 18, 18, 18, 18, 18, 18, 18, 19, 19, 19, 19,
 19, 19, 19, 20, 20, 20, 20, 20, 20, 20, 21, 21,
 21, 21, 21, 21, 21, 22, 22, 22, 22, 22, 22, 22,
 23, 23, 23, 23, 23, 23, 23, 24, 24, 24, 24, 24,
 24, 24, 25, 25, 25, 25, 25, 25, 25, 26, 26, 26,
 26, 26, 26, 26, 27, 27, 27, 27, 27, 27, 27, 28,
 28, 28, 28, 28, 28, 28, 29, 29, 29, 29, 29, 29,
 29, 29, 29, 30, 30, 30, 30, 30, 30, 30, 31, 31,
 31, 31, 31, 31, 31, 32, 32, 32, 32, 32, 32, 32,
 33, 33, 33, 33, 33, 33, 33, 34, 34, 34, 34, 34,
 34, 34, 35, 35, 35, 35, 35, 35, 35, 36, 36, 36,
 36, 36, 36, 36, 37, 37, 37, 37, 37, 37, 37, 38,
 38, 38, 38, 38, 38, 38, 39, 39, 39, 39, 39, 39,
 39, 40, 40, 40, 40, 40, 40, 40, 41, 41, 41, 41,
 41, 41, 41, 41, 41, 42, 42, 42, 42, 42, 42, 42,
 43, 43, 43, 43, 43, 43, 43, 44, 44, 44, 44, 44,
 44, 44, 45, 45, 45, 45, 45, 45, 45, 46, 46, 46,
 46, 46, 46, 46, 46, 46, 47, 47, 47, 47, 47, 47,
 47, 48, 48, 48, 48, 48, 48, 48, 49, 49, 49, 49,
 49, 49, 49, 50, 50, 50, 50, 50, 50, 50, 51, 51,
 51, 51, 51, 51, 51, 52, 52, 52, 52, 52, 52, 52,
 53, 53, 53, 53, 53, 53, 53, 54, 54, 54, 54, 54,
 54, 54, 55, 55, 55, 55, 55, 55, 55, 56, 56, 56,
 56, 56, 56, 56, 57, 57, 57, 57, 57, 57, 57, 58,
 58, 58, 58, 58, 58, 58, 59, 59, 59, 59, 59, 59,
 59, 60, 60, 60, 60, 60, 60, 60, 61, 61, 61, 61,
 61, 61, 61, 61, 61, 62, 62, 62, 62, 62, 62, 62,
 63, 63, 63, 64, 64, 64, 65, 65, 65, 66, 66, 66,
 67, 67, 67, 68, 68, 68, 69, 69, 69, 70, 70, 70,
 71, 71, 71, 72, 72, 72, 73, 73, 73, 74, 74, 74,
 75, 75, 75, 76, 76, 76, 77, 77, 77, 78, 78, 78,
 79, 79, 79, 80, 80, 80, 81, 81, 81, 82, 82, 82,
 83, 83, 83, 84, 84, 84, 85, 85, 85, 86, 86, 86,
 87, 87, 87, 88, 88, 88, 89, 89, 89, 90, 90, 90,
 91, 91, 91, 92, 92, 92, 93, 93, 93, 94, 94, 94,
 95, 95, 95, 96, 96, 96, 97, 97, 98, 98, 99, 99,
 100, 100, 58,  5, 62, 57
   elements
* ELEM  1  line segment
 1, 460, 1
*
  6.2331600E+00, 8.7884000E-01, 1.6256000E+00, 0.0000000E+00
* ELEM  2  line segment
 1, 422, 1
*
  6.2331600E+00, 2.5044400E+00, 0.0000000E+00, -1.6256000E+00
* ELEM  3  line segment
 1, 8, 1
*
  7.8587600E+00, 8.7884000E-01, 0.0000000E+00, 1.6256000E+00
* ELEM  4  line segment
 1, 50, 1
*
  7.8587600E+00, 2.5044400E+00, -1.6256000E+00, 0.0000000E+00
* ELEM  5  circle
 2, 2, 1
*
  7.0459600E+00, 1.6916400E+00, 6.1341000E-01, 0.0000000E+00
* ELEM  6  circle
 2, 3, 2
*
  7.0459600E+00, 1.6916400E+00, 5.3213000E-01, 0.0000000E+00
* ELEM  7  circle
 2, 4, 3
*
  7.0459600E+00, 1.6916400E+00, 5.2070000E-01, 0.0000000E+00
* ELEM  8  circle
 2, 5, 4
*
  7.0459600E+00, 1.6916400E+00, 5.0751558E-01, 0.0000000E+00
* ELEM  9  circle
 2, 6, 5
*
  7.0459600E+00, 1.6916400E+00, 4.6572824E-01, 0.0000000E+00
* ELEM  10  circle
 2, 7, 6
*
  7.0459600E+00, 1.6916400E+00, 3.6819050E-01, 0.0000000E+00
* ELEM  11  line segment
 1, 463, 8
*
  7.8587600E+00, 8.7884000E-01, 1.6256000E+00, 0.0000000E+00
* ELEM  12  line segment
 1, 15, 8
*
  9.4843600E+00, 8.7884000E-01, 0.0000000E+00, 1.6256000E+00
* ELEM  13  line segment
 1, 57, 8
*
  9.4843600E+00, 2.5044400E+00, -1.6256000E+00, 0.0000000E+00
* ELEM  14  circle
 2, 9, 8
*
  8.6715600E+00, 1.6916400E+00, 6.1341000E-01, 0.0000000E+00
* ELEM  15  circle
 2, 10, 9
*
  8.6715600E+00, 1.6916400E+00, 5.3213000E-01, 0.0000000E+00
* ELEM  16  circle
 2, 11, 10
*
  8.6715600E+00, 1.6916400E+00, 5.2070000E-01, 0.0000000E+00
* ELEM  17  circle
 2, 12, 11
*
  8.6715600E+00, 1.6916400E+00, 5.0751558E-01, 0.0000000E+00
* ELEM  18  circle
 2, 13, 12
*
  8.6715600E+00, 1.6916400E+00, 4.6572824E-01, 0.0000000E+00
* ELEM  19  circle
 2, 14, 13
*
  8.6715600E+00, 1.6916400E+00, 3.6819050E-01, 0.0000000E+00
* ELEM  20  line segment
 1, 466, 15
*
  9.4843600E+00, 8.7884000E-01, 1.6256000E+00, 0.0000000E+00
* ELEM  21  line segment
 1, 22, 15
*
  1.1109960E+01, 8.7884000E-01, 0.0000000E+00, 1.6256000E+00
* ELEM  22  line segment
 1, 64, 15
*
  1.1109960E+01, 2.5044400E+00, -1.6256000E+00, 0.0000000E+00
* ELEM  23  circle
 2, 16, 15
*
  1.0297160E+01, 1.6916400E+00, 6.1341000E-01, 0.0000000E+00
* ELEM  24  circle
 2, 17, 16
*
  1.0297160E+01, 1.6916400E+00, 5.3213000E-01, 0.0000000E+00
* ELEM  25  circle
 2, 18, 17
*
  1.0297160E+01, 1.6916400E+00, 5.2070000E-01, 0.0000000E+00
* ELEM  26  circle
 2, 19, 18
*
  1.0297160E+01, 1.6916400E+00, 5.0751558E-01, 0.0000000E+00
* ELEM  27  circle
 2, 20, 19
*
  1.0297160E+01, 1.6916400E+00, 4.6572824E-01, 0.0000000E+00
* ELEM  28  circle
 2, 21, 20
*
  1.0297160E+01, 1.6916400E+00, 3.6819050E-01, 0.0000000E+00
* ELEM  29  line segment
 1, 469, 22
*
  1.1109960E+01, 8.7884000E-01, 1.6256000E+00, 0.0000000E+00
* ELEM  30  line segment
 1, 29, 22
*
  1.2735560E+01, 8.7884000E-01, 0.0000000E+00, 1.6256000E+00
* ELEM  31  line segment
 1, 71, 22
*
  1.2735560E+01, 2.5044400E+00, -1.6256000E+00, 0.0000000E+00
* ELEM  32  circle
 2, 23, 22
*
  1.1922760E+01, 1.6916400E+00, 6.1341000E-01, 0.0000000E+00
* ELEM  33  circle
 2, 24, 23
*
  1.1922760E+01, 1.6916400E+00, 5.3213000E-01, 0.0000000E+00
* ELEM  34  circle
 2, 25, 24
*
  1.1922760E+01, 1.6916400E+00, 5.2070000E-01, 0.0000000E+00
* ELEM  35  circle
 2, 26, 25
*
  1.1922760E+01, 1.6916400E+00, 5.0751558E-01, 0.0000000E+00
* ELEM  36  circle
 2, 27, 26
*
  1.1922760E+01, 1.6916400E+00, 4.6572824E-01, 0.0000000E+00
* ELEM  37  circle
 2, 28, 27
*
  1.1922760E+01, 1.6916400E+00, 3.6819050E-01, 0.0000000E+00
* ELEM  38  line segment
 1, 80, 29
*
  1.4361160E+01, 2.5044400E+00, -1.6256000E+00, 0.0000000E+00
* ELEM  39  line segment
 1, 523, 29
*
  1.4361160E+01, 1.0542369E+00, 0.0000000E+00, 1.4502031E+00
* ELEM  40  circular arc
 3, 29, 556
*
  1.3596620E+01, 1.6433800E+00, 9.6520000E-01, 3.0761731E+02, 1.4765378E+01
* ELEM  41  line segment
 1, 472, 29
*
  1.2735560E+01, 8.7884000E-01, 1.4502031E+00, 0.0000000E+00
* ELEM  42  circle
 2, 30, 29
*
  1.3548360E+01, 1.6916400E+00, 6.1341000E-01, 0.0000000E+00
* ELEM  43  circle
 2, 31, 30
*
  1.3548360E+01, 1.6916400E+00, 5.3213000E-01, 0.0000000E+00
* ELEM  44  circle
 2, 32, 31
*
  1.3548360E+01, 1.6916400E+00, 5.2070000E-01, 0.0000000E+00
* ELEM  45  circle
 2, 33, 32
*
  1.3548360E+01, 1.6916400E+00, 5.0751558E-01, 0.0000000E+00
* ELEM  46  circle
 2, 34, 33
*
  1.3548360E+01, 1.6916400E+00, 4.6572824E-01, 0.0000000E+00
* ELEM  47  circle
 2, 35, 34
*
  1.3548360E+01, 1.6916400E+00, 3.6819050E-01, 0.0000000E+00
* ELEM  48  line segment
 1, 408, 36
*
  1.3563600E+00, 2.5044400E+00, 1.6256000E+00, 0.0000000E+00
* ELEM  49  line segment
 1, 502, 36
*
  1.3563600E+00, 4.1300400E+00, 0.0000000E+00, -1.6256000E+00
* ELEM  50  line segment
 1, 43, 36
*
  2.9819600E+00, 2.5044400E+00, 0.0000000E+00, 1.6256000E+00
* ELEM  51  line segment
 1, 87, 36
*
  2.9819600E+00, 4.1300400E+00, -1.6256000E+00, 0.0000000E+00
* ELEM  52  circle
 2, 37, 36
*
  2.1691600E+00, 3.3172400E+00, 6.1341000E-01, 0.0000000E+00
* ELEM  53  circle
 2, 38, 37
*
  2.1691600E+00, 3.3172400E+00, 5.3213000E-01, 0.0000000E+00
* ELEM  54  circle
 2, 39, 38
*
  2.1691600E+00, 3.3172400E+00, 5.2070000E-01, 0.0000000E+00
* ELEM  55  circle
 2, 40, 39
*
  2.1691600E+00, 3.3172400E+00, 5.0751558E-01, 0.0000000E+00
* ELEM  56  circle
 2, 41, 40
*
  2.1691600E+00, 3.3172400E+00, 4.6572824E-01, 0.0000000E+00
* ELEM  57  circle
 2, 42, 41
*
  2.1691600E+00, 3.3172400E+00, 3.6819050E-01, 0.0000000E+00
* ELEM  58  line segment
 1, 415, 43
*
  2.9819600E+00, 2.5044400E+00, 1.6256000E+00, 0.0000000E+00
* ELEM  59  line segment
 1, 429, 43
*
  4.6075600E+00, 2.5044400E+00, 0.0000000E+00, 1.6256000E+00
* ELEM  60  line segment
 1, 94, 43
*
  4.6075600E+00, 4.1300400E+00, -1.6256000E+00, 0.0000000E+00
* ELEM  61  circle
 2, 44, 43
*
  3.7947600E+00, 3.3172400E+00, 6.1341000E-01, 0.0000000E+00
* ELEM  62  circle
 2, 45, 44
*
  3.7947600E+00, 3.3172400E+00, 5.3213000E-01, 0.0000000E+00
* ELEM  63  circle
 2, 46, 45
*
  3.7947600E+00, 3.3172400E+00, 5.2070000E-01, 0.0000000E+00
* ELEM  64  circle
 2, 47, 46
*
  3.7947600E+00, 3.3172400E+00, 5.0751558E-01, 0.0000000E+00
* ELEM  65  circle
 2, 48, 47
*
  3.7947600E+00, 3.3172400E+00, 4.6572824E-01, 0.0000000E+00
* ELEM  66  circle
 2, 49, 48
*
  3.7947600E+00, 3.3172400E+00, 3.6819050E-01, 0.0000000E+00
* ELEM  67  line segment
 1, 429, 50
*
  6.2331600E+00, 4.1300400E+00, 0.0000000E+00, -1.6256000E+00
* ELEM  68  line segment
 1, 57, 50
*
  7.8587600E+00, 2.5044400E+00, 0.0000000E+00, 1.6256000E+00
* ELEM  69  line segment
 1, 108, 50
*
  7.8587600E+00, 4.1300400E+00, -1.6256000E+00, 0.0000000E+00
* ELEM  70  circle
 2, 51, 50
*
  7.0459600E+00, 3.3172400E+00, 6.1341000E-01, 0.0000000E+00
* ELEM  71  circle
 2, 52, 51
*
  7.0459600E+00, 3.3172400E+00, 5.3213000E-01, 0.0000000E+00
* ELEM  72  circle
 2, 53, 52
*
  7.0459600E+00, 3.3172400E+00, 5.2070000E-01, 0.0000000E+00
* ELEM  73  circle
 2, 54, 53
*
  7.0459600E+00, 3.3172400E+00, 5.0751558E-01, 0.0000000E+00
* ELEM  74  circle
 2, 55, 54
*
  7.0459600E+00, 3.3172400E+00, 4.6572824E-01, 0.0000000E+00
* ELEM  75  circle
 2, 56, 55
*
  7.0459600E+00, 3.3172400E+00, 3.6819050E-01, 0.0000000E+00
* ELEM  76  line segment
 1, 64, 57
*
  9.4843600E+00, 2.5044400E+00, 0.0000000E+00, 1.6256000E+00
* ELEM  77  line segment
 1, 115, 57
*
  9.4843600E+00, 4.1300400E+00, -1.6256000E+00, 0.0000000E+00
* ELEM  78  circle
 2, 58, 57
*
  8.6715600E+00, 3.3172400E+00, 6.1341000E-01, 0.0000000E+00
* ELEM  79  circle
 2, 59, 58
*
  8.6715600E+00, 3.3172400E+00, 5.3213000E-01, 0.0000000E+00
* ELEM  80  circle
 2, 60, 59
*
  8.6715600E+00, 3.3172400E+00, 5.2070000E-01, 0.0000000E+00
* ELEM  81  circle
 2, 61, 60
*
  8.6715600E+00, 3.3172400E+00, 5.0751558E-01, 0.0000000E+00
* ELEM  82  circle
 2, 62, 61
*
  8.6715600E+00, 3.3172400E+00, 4.6572824E-01, 0.0000000E+00
* ELEM  83  circle
 2, 63, 62
*
  8.6715600E+00, 3.3172400E+00, 3.6819050E-01, 0.0000000E+00
* ELEM  84  line segment
 1, 71, 64
*
  1.1109960E+01, 2.5044400E+00, 0.0000000E+00, 1.6256000E+00
* ELEM  85  line segment
 1, 122, 64
*
  1.1109960E+01, 4.1300400E+00, -1.6256000E+00, 0.0000000E+00
* ELEM  86  circle
 2, 65, 64
*
  1.0297160E+01, 3.3172400E+00, 6.1341000E-01, 0.0000000E+00
* ELEM  87  circle
 2, 66, 65
*
  1.0297160E+01, 3.3172400E+00, 5.3213000E-01, 0.0000000E+00
* ELEM  88  circle
 2, 67, 66
*
  1.0297160E+01, 3.3172400E+00, 5.2070000E-01, 0.0000000E+00
* ELEM  89  circle
 2, 68, 67
*
  1.0297160E+01, 3.3172400E+00, 5.0751558E-01, 0.0000000E+00
* ELEM  90  circle
 2, 69, 68
*
  1.0297160E+01, 3.3172400E+00, 4.6572824E-01, 0.0000000E+00
* ELEM  91  circle
 2, 70, 69
*
  1.0297160E+01, 3.3172400E+00, 3.6819050E-01, 0.0000000E+00
* ELEM  92  line segment
 1, 80, 71
*
  1.2735560E+01, 2.5044400E+00, 0.0000000E+00, 1.6256000E+00
* ELEM  93  line segment
 1, 129, 71
*
  1.2735560E+01, 4.1300400E+00, -1.6256000E+00, 0.0000000E+00
* ELEM  94  circle
 2, 72, 71
*
  1.1922760E+01, 3.3172400E+00, 6.1341000E-01, 0.0000000E+00
* ELEM  95  circle
 2, 73, 72
*
  1.1922760E+01, 3.3172400E+00, 5.3213000E-01, 0.0000000E+00
* ELEM  96  circle
 2, 74, 73
*
  1.1922760E+01, 3.3172400E+00, 5.2070000E-01, 0.0000000E+00
* ELEM  97  circle
 2, 75, 74
*
  1.1922760E+01, 3.3172400E+00, 5.0751558E-01, 0.0000000E+00
* ELEM  98  circle
 2, 76, 75
*
  1.1922760E+01, 3.3172400E+00, 4.6572824E-01, 0.0000000E+00
* ELEM  99  circle
 2, 77, 76
*
  1.1922760E+01, 3.3172400E+00, 4.0333249E-01, 0.0000000E+00
* ELEM  100  circle
 2, 78, 77
*
  1.1922760E+01, 3.3172400E+00, 3.2931960E-01, 0.0000000E+00
* ELEM  101  circle
 2, 79, 78
*
  1.1922760E+01, 3.3172400E+00, 2.3286412E-01, 0.0000000E+00
* ELEM  102  line segment
 1, 526, 80
*
  1.4361160E+01, 2.5044400E+00, 0.0000000E+00, 1.6256000E+00
* ELEM  103  line segment
 1, 136, 80
*
  1.4361160E+01, 4.1300400E+00, -1.6256000E+00, 0.0000000E+00
* ELEM  104  circle
 2, 81, 80
*
  1.3548360E+01, 3.3172400E+00, 6.1341000E-01, 0.0000000E+00
* ELEM  105  circle
 2, 82, 81
*
  1.3548360E+01, 3.3172400E+00, 5.3213000E-01, 0.0000000E+00
* ELEM  106  circle
 2, 83, 82
*
  1.3548360E+01, 3.3172400E+00, 5.2070000E-01, 0.0000000E+00
* ELEM  107  circle
 2, 84, 83
*
  1.3548360E+01, 3.3172400E+00, 5.0751558E-01, 0.0000000E+00
* ELEM  108  circle
 2, 85, 84
*
  1.3548360E+01, 3.3172400E+00, 4.6572824E-01, 0.0000000E+00
* ELEM  109  circle
 2, 86, 85
*
  1.3548360E+01, 3.3172400E+00, 3.6819050E-01, 0.0000000E+00
* ELEM  110  line segment
 1, 505, 87
*
  1.3563600E+00, 5.7556400E+00, 0.0000000E+00, -1.6256000E+00
* ELEM  111  line segment
 1, 94, 87
*
  2.9819600E+00, 4.1300400E+00, 0.0000000E+00, 1.6256000E+00
* ELEM  112  line segment
 1, 143, 87
*
  2.9819600E+00, 5.7556400E+00, -1.6256000E+00, 0.0000000E+00
* ELEM  113  circle
 2, 88, 87
*
  2.1691600E+00, 4.9428400E+00, 6.1341000E-01, 0.0000000E+00
* ELEM  114  circle
 2, 89, 88
*
  2.1691600E+00, 4.9428400E+00, 5.3213000E-01, 0.0000000E+00
* ELEM  115  circle
 2, 90, 89
*
  2.1691600E+00, 4.9428400E+00, 5.2070000E-01, 0.0000000E+00
* ELEM  116  circle
 2, 91, 90
*
  2.1691600E+00, 4.9428400E+00, 5.0751558E-01, 0.0000000E+00
* ELEM  117  circle
 2, 92, 91
*
  2.1691600E+00, 4.9428400E+00, 4.6572824E-01, 0.0000000E+00
* ELEM  118  circle
 2, 93, 92
*
  2.1691600E+00, 4.9428400E+00, 3.6819050E-01, 0.0000000E+00
* ELEM  119  line segment
 1, 101, 94
*
  4.6075600E+00, 4.1300400E+00, 0.0000000E+00, 1.6256000E+00
* ELEM  120  line segment
 1, 150, 94
*
  4.6075600E+00, 5.7556400E+00, -1.6256000E+00, 0.0000000E+00
* ELEM  121  circle
 2, 95, 94
*
  3.7947600E+00, 4.9428400E+00, 6.1341000E-01, 0.0000000E+00
* ELEM  122  circle
 2, 96, 95
*
  3.7947600E+00, 4.9428400E+00, 5.3213000E-01, 0.0000000E+00
* ELEM  123  circle
 2, 97, 96
*
  3.7947600E+00, 4.9428400E+00, 5.2070000E-01, 0.0000000E+00
* ELEM  124  circle
 2, 98, 97
*
  3.7947600E+00, 4.9428400E+00, 5.0751558E-01, 0.0000000E+00
* ELEM  125  circle
 2, 99, 98
*
  3.7947600E+00, 4.9428400E+00, 4.6572824E-01, 0.0000000E+00
* ELEM  126  circle
 2, 100, 99
*
  3.7947600E+00, 4.9428400E+00, 3.6819050E-01, 0.0000000E+00
* ELEM  127  line segment
 1, 429, 101
*
  4.6075600E+00, 4.1300400E+00, 1.6256000E+00, 0.0000000E+00
* ELEM  128  line segment
 1, 108, 101
*
  6.2331600E+00, 4.1300400E+00, 0.0000000E+00, 1.6256000E+00
* ELEM  129  line segment
 1, 157, 101
*
  6.2331600E+00, 5.7556400E+00, -1.6256000E+00, 0.0000000E+00
* ELEM  130  circle
 2, 102, 101
*
  5.4203600E+00, 4.9428400E+00, 6.1341000E-01, 0.0000000E+00
* ELEM  131  circle
 2, 103, 102
*
  5.4203600E+00, 4.9428400E+00, 5.3213000E-01, 0.0000000E+00
* ELEM  132  circle
 2, 104, 103
*
  5.4203600E+00, 4.9428400E+00, 5.2070000E-01, 0.0000000E+00
* ELEM  133  circle
 2, 105, 104
*
  5.4203600E+00, 4.9428400E+00, 5.0751558E-01, 0.0000000E+00
* ELEM  134  circle
 2, 106, 105
*
  5.4203600E+00, 4.9428400E+00, 4.6572824E-01, 0.0000000E+00
* ELEM  135  circle
 2, 107, 106
*
  5.4203600E+00, 4.9428400E+00, 3.6819050E-01, 0.0000000E+00
* ELEM  136  line segment
 1, 115, 108
*
  7.8587600E+00, 4.1300400E+00, 0.0000000E+00, 1.6256000E+00
* ELEM  137  line segment
 1, 445, 108
*
  7.8587600E+00, 5.7556400E+00, -1.6256000E+00, 0.0000000E+00
* ELEM  138  circle
 2, 109, 108
*
  7.0459600E+00, 4.9428400E+00, 6.1341000E-01, 0.0000000E+00
* ELEM  139  circle
 2, 110, 109
*
  7.0459600E+00, 4.9428400E+00, 5.3213000E-01, 0.0000000E+00
* ELEM  140  circle
 2, 111, 110
*
  7.0459600E+00, 4.9428400E+00, 5.2070000E-01, 0.0000000E+00
* ELEM  141  circle
 2, 112, 111
*
  7.0459600E+00, 4.9428400E+00, 5.0751558E-01, 0.0000000E+00
* ELEM  142  circle
 2, 113, 112
*
  7.0459600E+00, 4.9428400E+00, 4.6572824E-01, 0.0000000E+00
* ELEM  143  circle
 2, 114, 113
*
  7.0459600E+00, 4.9428400E+00, 3.6819050E-01, 0.0000000E+00
* ELEM  144  line segment
 1, 122, 115
*
  9.4843600E+00, 4.1300400E+00, 0.0000000E+00, 1.6256000E+00
* ELEM  145  line segment
 1, 164, 115
*
  9.4843600E+00, 5.7556400E+00, -1.6256000E+00, 0.0000000E+00
* ELEM  146  circle
 2, 116, 115
*
  8.6715600E+00, 4.9428400E+00, 6.1341000E-01, 0.0000000E+00
* ELEM  147  circle
 2, 117, 116
*
  8.6715600E+00, 4.9428400E+00, 5.3213000E-01, 0.0000000E+00
* ELEM  148  circle
 2, 118, 117
*
  8.6715600E+00, 4.9428400E+00, 5.2070000E-01, 0.0000000E+00
* ELEM  149  circle
 2, 119, 118
*
  8.6715600E+00, 4.9428400E+00, 5.0751558E-01, 0.0000000E+00
* ELEM  150  circle
 2, 120, 119
*
  8.6715600E+00, 4.9428400E+00, 4.6572824E-01, 0.0000000E+00
* ELEM  151  circle
 2, 121, 120
*
  8.6715600E+00, 4.9428400E+00, 3.6819050E-01, 0.0000000E+00
* ELEM  152  line segment
 1, 129, 122
*
  1.1109960E+01, 4.1300400E+00, 0.0000000E+00, 1.6256000E+00
* ELEM  153  line segment
 1, 171, 122
*
  1.1109960E+01, 5.7556400E+00, -1.6256000E+00, 0.0000000E+00
* ELEM  154  circle
 2, 123, 122
*
  1.0297160E+01, 4.9428400E+00, 6.1341000E-01, 0.0000000E+00
* ELEM  155  circle
 2, 124, 123
*
  1.0297160E+01, 4.9428400E+00, 5.3213000E-01, 0.0000000E+00
* ELEM  156  circle
 2, 125, 124
*
  1.0297160E+01, 4.9428400E+00, 5.2070000E-01, 0.0000000E+00
* ELEM  157  circle
 2, 126, 125
*
  1.0297160E+01, 4.9428400E+00, 5.0751558E-01, 0.0000000E+00
* ELEM  158  circle
 2, 127, 126
*
  1.0297160E+01, 4.9428400E+00, 4.6572824E-01, 0.0000000E+00
* ELEM  159  circle
 2, 128, 127
*
  1.0297160E+01, 4.9428400E+00, 3.6819050E-01, 0.0000000E+00
* ELEM  160  line segment
 1, 136, 129
*
  1.2735560E+01, 4.1300400E+00, 0.0000000E+00, 1.6256000E+00
* ELEM  161  line segment
 1, 178, 129
*
  1.2735560E+01, 5.7556400E+00, -1.6256000E+00, 0.0000000E+00
* ELEM  162  circle
 2, 130, 129
*
  1.1922760E+01, 4.9428400E+00, 6.1341000E-01, 0.0000000E+00
* ELEM  163  circle
 2, 131, 130
*
  1.1922760E+01, 4.9428400E+00, 5.3213000E-01, 0.0000000E+00
* ELEM  164  circle
 2, 132, 131
*
  1.1922760E+01, 4.9428400E+00, 5.2070000E-01, 0.0000000E+00
* ELEM  165  circle
 2, 133, 132
*
  1.1922760E+01, 4.9428400E+00, 5.0751558E-01, 0.0000000E+00
* ELEM  166  circle
 2, 134, 133
*
  1.1922760E+01, 4.9428400E+00, 4.6572824E-01, 0.0000000E+00
* ELEM  167  circle
 2, 135, 134
*
  1.1922760E+01, 4.9428400E+00, 3.6819050E-01, 0.0000000E+00
* ELEM  168  line segment
 1, 529, 136
*
  1.4361160E+01, 4.1300400E+00, 0.0000000E+00, 1.6256000E+00
* ELEM  169  line segment
 1, 185, 136
*
  1.4361160E+01, 5.7556400E+00, -1.6256000E+00, 0.0000000E+00
* ELEM  170  circle
 2, 137, 136
*
  1.3548360E+01, 4.9428400E+00, 6.1341000E-01, 0.0000000E+00
* ELEM  171  circle
 2, 138, 137
*
  1.3548360E+01, 4.9428400E+00, 5.3213000E-01, 0.0000000E+00
* ELEM  172  circle
 2, 139, 138
*
  1.3548360E+01, 4.9428400E+00, 5.2070000E-01, 0.0000000E+00
* ELEM  173  circle
 2, 140, 139
*
  1.3548360E+01, 4.9428400E+00, 5.0751558E-01, 0.0000000E+00
* ELEM  174  circle
 2, 141, 140
*
  1.3548360E+01, 4.9428400E+00, 4.6572824E-01, 0.0000000E+00
* ELEM  175  circle
 2, 142, 141
*
  1.3548360E+01, 4.9428400E+00, 3.6819050E-01, 0.0000000E+00
* ELEM  176  line segment
 1, 508, 143
*
  1.3563600E+00, 7.3812400E+00, 0.0000000E+00, -1.6256000E+00
* ELEM  177  line segment
 1, 150, 143
*
  2.9819600E+00, 5.7556400E+00, 0.0000000E+00, 1.6256000E+00
* ELEM  178  line segment
 1, 192, 143
*
  2.9819600E+00, 7.3812400E+00, -1.6256000E+00, 0.0000000E+00
* ELEM  179  circle
 2, 144, 143
*
  2.1691600E+00, 6.5684400E+00, 6.1341000E-01, 0.0000000E+00
* ELEM  180  circle
 2, 145, 144
*
  2.1691600E+00, 6.5684400E+00, 5.3213000E-01, 0.0000000E+00
* ELEM  181  circle
 2, 146, 145
*
  2.1691600E+00, 6.5684400E+00, 5.2070000E-01, 0.0000000E+00
* ELEM  182  circle
 2, 147, 146
*
  2.1691600E+00, 6.5684400E+00, 5.0751558E-01, 0.0000000E+00
* ELEM  183  circle
 2, 148, 147
*
  2.1691600E+00, 6.5684400E+00, 4.6572824E-01, 0.0000000E+00
* ELEM  184  circle
 2, 149, 148
*
  2.1691600E+00, 6.5684400E+00, 3.6819050E-01, 0.0000000E+00
* ELEM  185  line segment
 1, 157, 150
*
  4.6075600E+00, 5.7556400E+00, 0.0000000E+00, 1.6256000E+00
* ELEM  186  line segment
 1, 199, 150
*
  4.6075600E+00, 7.3812400E+00, -1.6256000E+00, 0.0000000E+00
* ELEM  187  circle
 2, 151, 150
*
  3.7947600E+00, 6.5684400E+00, 6.1341000E-01, 0.0000000E+00
* ELEM  188  circle
 2, 152, 151
*
  3.7947600E+00, 6.5684400E+00, 5.3213000E-01, 0.0000000E+00
* ELEM  189  circle
 2, 153, 152
*
  3.7947600E+00, 6.5684400E+00, 5.2070000E-01, 0.0000000E+00
* ELEM  190  circle
 2, 154, 153
*
  3.7947600E+00, 6.5684400E+00, 5.0751558E-01, 0.0000000E+00
* ELEM  191  circle
 2, 155, 154
*
  3.7947600E+00, 6.5684400E+00, 4.6572824E-01, 0.0000000E+00
* ELEM  192  circle
 2, 156, 155
*
  3.7947600E+00, 6.5684400E+00, 3.6819050E-01, 0.0000000E+00
* ELEM  193  line segment
 1, 445, 157
*
  6.2331600E+00, 5.7556400E+00, 0.0000000E+00, 1.6256000E+00
* ELEM  194  line segment
 1, 208, 157
*
  6.2331600E+00, 7.3812400E+00, -1.6256000E+00, 0.0000000E+00
* ELEM  195  circle
 2, 158, 157
*
  5.4203600E+00, 6.5684400E+00, 6.1341000E-01, 0.0000000E+00
* ELEM  196  circle
 2, 159, 158
*
  5.4203600E+00, 6.5684400E+00, 5.3213000E-01, 0.0000000E+00
* ELEM  197  circle
 2, 160, 159
*
  5.4203600E+00, 6.5684400E+00, 5.2070000E-01, 0.0000000E+00
* ELEM  198  circle
 2, 161, 160
*
  5.4203600E+00, 6.5684400E+00, 5.0751558E-01, 0.0000000E+00
* ELEM  199  circle
 2, 162, 161
*
  5.4203600E+00, 6.5684400E+00, 4.6572824E-01, 0.0000000E+00
* ELEM  200  circle
 2, 163, 162
*
  5.4203600E+00, 6.5684400E+00, 3.6819050E-01, 0.0000000E+00
* ELEM  201  line segment
 1, 445, 164
*
  7.8587600E+00, 7.3812400E+00, 0.0000000E+00, -1.6256000E+00
* ELEM  202  line segment
 1, 171, 164
*
  9.4843600E+00, 5.7556400E+00, 0.0000000E+00, 1.6256000E+00
* ELEM  203  line segment
 1, 448, 164
*
  9.4843600E+00, 7.3812400E+00, -1.6256000E+00, 0.0000000E+00
* ELEM  204  circle
 2, 165, 164
*
  8.6715600E+00, 6.5684400E+00, 6.1341000E-01, 0.0000000E+00
* ELEM  205  circle
 2, 166, 165
*
  8.6715600E+00, 6.5684400E+00, 5.3213000E-01, 0.0000000E+00
* ELEM  206  circle
 2, 167, 166
*
  8.6715600E+00, 6.5684400E+00, 5.2070000E-01, 0.0000000E+00
* ELEM  207  circle
 2, 168, 167
*
  8.6715600E+00, 6.5684400E+00, 5.0751558E-01, 0.0000000E+00
* ELEM  208  circle
 2, 169, 168
*
  8.6715600E+00, 6.5684400E+00, 4.6572824E-01, 0.0000000E+00
* ELEM  209  circle
 2, 170, 169
*
  8.6715600E+00, 6.5684400E+00, 3.6819050E-01, 0.0000000E+00
* ELEM  210  line segment
 1, 178, 171
*
  1.1109960E+01, 5.7556400E+00, 0.0000000E+00, 1.6256000E+00
* ELEM  211  line segment
 1, 222, 171
*
  1.1109960E+01, 7.3812400E+00, -1.6256000E+00, 0.0000000E+00
* ELEM  212  circle
 2, 172, 171
*
  1.0297160E+01, 6.5684400E+00, 6.1341000E-01, 0.0000000E+00
* ELEM  213  circle
 2, 173, 172
*
  1.0297160E+01, 6.5684400E+00, 5.3213000E-01, 0.0000000E+00
* ELEM  214  circle
 2, 174, 173
*
  1.0297160E+01, 6.5684400E+00, 5.2070000E-01, 0.0000000E+00
* ELEM  215  circle
 2, 175, 174
*
  1.0297160E+01, 6.5684400E+00, 5.0751558E-01, 0.0000000E+00
* ELEM  216  circle
 2, 176, 175
*
  1.0297160E+01, 6.5684400E+00, 4.6572824E-01, 0.0000000E+00
* ELEM  217  circle
 2, 177, 176
*
  1.0297160E+01, 6.5684400E+00, 3.6819050E-01, 0.0000000E+00
* ELEM  218  line segment
 1, 185, 178
*
  1.2735560E+01, 5.7556400E+00, 0.0000000E+00, 1.6256000E+00
* ELEM  219  line segment
 1, 229, 178
*
  1.2735560E+01, 7.3812400E+00, -1.6256000E+00, 0.0000000E+00
* ELEM  220  circle
 2, 179, 178
*
  1.1922760E+01, 6.5684400E+00, 6.1341000E-01, 0.0000000E+00
* ELEM  221  circle
 2, 180, 179
*
  1.1922760E+01, 6.5684400E+00, 5.3213000E-01, 0.0000000E+00
* ELEM  222  circle
 2, 181, 180
*
  1.1922760E+01, 6.5684400E+00, 5.2070000E-01, 0.0000000E+00
* ELEM  223  circle
 2, 182, 181
*
  1.1922760E+01, 6.5684400E+00, 5.0751558E-01, 0.0000000E+00
* ELEM  224  circle
 2, 183, 182
*
  1.1922760E+01, 6.5684400E+00, 4.6572824E-01, 0.0000000E+00
* ELEM  225  circle
 2, 184, 183
*
  1.1922760E+01, 6.5684400E+00, 3.6819050E-01, 0.0000000E+00
* ELEM  226  line segment
 1, 532, 185
*
  1.4361160E+01, 5.7556400E+00, 0.0000000E+00, 1.6256000E+00
* ELEM  227  line segment
 1, 236, 185
*
  1.4361160E+01, 7.3812400E+00, -1.6256000E+00, 0.0000000E+00
* ELEM  228  circle
 2, 186, 185
*
  1.3548360E+01, 6.5684400E+00, 6.1341000E-01, 0.0000000E+00
* ELEM  229  circle
 2, 187, 186
*
  1.3548360E+01, 6.5684400E+00, 5.3213000E-01, 0.0000000E+00
* ELEM  230  circle
 2, 188, 187
*
  1.3548360E+01, 6.5684400E+00, 5.2070000E-01, 0.0000000E+00
* ELEM  231  circle
 2, 189, 188
*
  1.3548360E+01, 6.5684400E+00, 5.0751558E-01, 0.0000000E+00
* ELEM  232  circle
 2, 190, 189
*
  1.3548360E+01, 6.5684400E+00, 4.6572824E-01, 0.0000000E+00
* ELEM  233  circle
 2, 191, 190
*
  1.3548360E+01, 6.5684400E+00, 3.6819050E-01, 0.0000000E+00
* ELEM  234  line segment
 1, 511, 192
*
  1.3563600E+00, 9.0068400E+00, 0.0000000E+00, -1.6256000E+00
* ELEM  235  line segment
 1, 199, 192
*
  2.9819600E+00, 7.3812400E+00, 0.0000000E+00, 1.6256000E+00
* ELEM  236  line segment
 1, 243, 192
*
  2.9819600E+00, 9.0068400E+00, -1.6256000E+00, 0.0000000E+00
* ELEM  237  circle
 2, 193, 192
*
  2.1691600E+00, 8.1940400E+00, 6.1341000E-01, 0.0000000E+00
* ELEM  238  circle
 2, 194, 193
*
  2.1691600E+00, 8.1940400E+00, 5.3213000E-01, 0.0000000E+00
* ELEM  239  circle
 2, 195, 194
*
  2.1691600E+00, 8.1940400E+00, 5.2070000E-01, 0.0000000E+00
* ELEM  240  circle
 2, 196, 195
*
  2.1691600E+00, 8.1940400E+00, 5.0751558E-01, 0.0000000E+00
* ELEM  241  circle
 2, 197, 196
*
  2.1691600E+00, 8.1940400E+00, 4.6572824E-01, 0.0000000E+00
* ELEM  242  circle
 2, 198, 197
*
  2.1691600E+00, 8.1940400E+00, 3.6819050E-01, 0.0000000E+00
* ELEM  243  line segment
 1, 208, 199
*
  4.6075600E+00, 7.3812400E+00, 0.0000000E+00, 1.6256000E+00
* ELEM  244  line segment
 1, 250, 199
*
  4.6075600E+00, 9.0068400E+00, -1.6256000E+00, 0.0000000E+00
* ELEM  245  circle
 2, 200, 199
*
  3.7947600E+00, 8.1940400E+00, 6.1341000E-01, 0.0000000E+00
* ELEM  246  circle
 2, 201, 200
*
  3.7947600E+00, 8.1940400E+00, 5.3213000E-01, 0.0000000E+00
* ELEM  247  circle
 2, 202, 201
*
  3.7947600E+00, 8.1940400E+00, 5.2070000E-01, 0.0000000E+00
* ELEM  248  circle
 2, 203, 202
*
  3.7947600E+00, 8.1940400E+00, 5.0751558E-01, 0.0000000E+00
* ELEM  249  circle
 2, 204, 203
*
  3.7947600E+00, 8.1940400E+00, 4.6572824E-01, 0.0000000E+00
* ELEM  250  circle
 2, 205, 204
*
  3.7947600E+00, 8.1940400E+00, 4.0333249E-01, 0.0000000E+00
* ELEM  251  circle
 2, 206, 205
*
  3.7947600E+00, 8.1940400E+00, 3.2931960E-01, 0.0000000E+00
* ELEM  252  circle
 2, 207, 206
*
  3.7947600E+00, 8.1940400E+00, 2.3286412E-01, 0.0000000E+00
* ELEM  253  line segment
 1, 215, 208
*
  6.2331600E+00, 7.3812400E+00, 0.0000000E+00, 1.6256000E+00
* ELEM  254  line segment
 1, 257, 208
*
  6.2331600E+00, 9.0068400E+00, -1.6256000E+00, 0.0000000E+00
* ELEM  255  circle
 2, 209, 208
*
  5.4203600E+00, 8.1940400E+00, 6.1341000E-01, 0.0000000E+00
* ELEM  256  circle
 2, 210, 209
*
  5.4203600E+00, 8.1940400E+00, 5.3213000E-01, 0.0000000E+00
* ELEM  257  circle
 2, 211, 210
*
  5.4203600E+00, 8.1940400E+00, 5.2070000E-01, 0.0000000E+00
* ELEM  258  circle
 2, 212, 211
*
  5.4203600E+00, 8.1940400E+00, 5.0751558E-01, 0.0000000E+00
* ELEM  259  circle
 2, 213, 212
*
  5.4203600E+00, 8.1940400E+00, 4.6572824E-01, 0.0000000E+00
* ELEM  260  circle
 2, 214, 213
*
  5.4203600E+00, 8.1940400E+00, 3.6819050E-01, 0.0000000E+00
* ELEM  261  line segment
 1, 445, 215
*
  6.2331600E+00, 7.3812400E+00, 1.6256000E+00, 0.0000000E+00
* ELEM  262  line segment
 1, 448, 215
*
  7.8587600E+00, 7.3812400E+00, 0.0000000E+00, 1.6256000E+00
* ELEM  263  line segment
 1, 264, 215
*
  7.8587600E+00, 9.0068400E+00, -1.6256000E+00, 0.0000000E+00
* ELEM  264  circle
 2, 216, 215
*
  7.0459600E+00, 8.1940400E+00, 6.1341000E-01, 0.0000000E+00
* ELEM  265  circle
 2, 217, 216
*
  7.0459600E+00, 8.1940400E+00, 5.3213000E-01, 0.0000000E+00
* ELEM  266  circle
 2, 218, 217
*
  7.0459600E+00, 8.1940400E+00, 5.2070000E-01, 0.0000000E+00
* ELEM  267  circle
 2, 219, 218
*
  7.0459600E+00, 8.1940400E+00, 5.0751558E-01, 0.0000000E+00
* ELEM  268  circle
 2, 220, 219
*
  7.0459600E+00, 8.1940400E+00, 4.6572824E-01, 0.0000000E+00
* ELEM  269  circle
 2, 221, 220
*
  7.0459600E+00, 8.1940400E+00, 3.6819050E-01, 0.0000000E+00
* ELEM  270  line segment
 1, 448, 222
*
  9.4843600E+00, 9.0068400E+00, 0.0000000E+00, -1.6256000E+00
* ELEM  271  line segment
 1, 229, 222
*
  1.1109960E+01, 7.3812400E+00, 0.0000000E+00, 1.6256000E+00
* ELEM  272  line segment
 1, 278, 222
*
  1.1109960E+01, 9.0068400E+00, -1.6256000E+00, 0.0000000E+00
* ELEM  273  circle
 2, 223, 222
*
  1.0297160E+01, 8.1940400E+00, 6.1341000E-01, 0.0000000E+00
* ELEM  274  circle
 2, 224, 223
*
  1.0297160E+01, 8.1940400E+00, 5.3213000E-01, 0.0000000E+00
* ELEM  275  circle
 2, 225, 224
*
  1.0297160E+01, 8.1940400E+00, 5.2070000E-01, 0.0000000E+00
* ELEM  276  circle
 2, 226, 225
*
  1.0297160E+01, 8.1940400E+00, 5.0751558E-01, 0.0000000E+00
* ELEM  277  circle
 2, 227, 226
*
  1.0297160E+01, 8.1940400E+00, 4.6572824E-01, 0.0000000E+00
* ELEM  278  circle
 2, 228, 227
*
  1.0297160E+01, 8.1940400E+00, 3.6819050E-01, 0.0000000E+00
* ELEM  279  line segment
 1, 236, 229
*
  1.2735560E+01, 7.3812400E+00, 0.0000000E+00, 1.6256000E+00
* ELEM  280  line segment
 1, 285, 229
*
  1.2735560E+01, 9.0068400E+00, -1.6256000E+00, 0.0000000E+00
* ELEM  281  circle
 2, 230, 229
*
  1.1922760E+01, 8.1940400E+00, 6.1341000E-01, 0.0000000E+00
* ELEM  282  circle
 2, 231, 230
*
  1.1922760E+01, 8.1940400E+00, 5.3213000E-01, 0.0000000E+00
* ELEM  283  circle
 2, 232, 231
*
  1.1922760E+01, 8.1940400E+00, 5.2070000E-01, 0.0000000E+00
* ELEM  284  circle
 2, 233, 232
*
  1.1922760E+01, 8.1940400E+00, 5.0751558E-01, 0.0000000E+00
* ELEM  285  circle
 2, 234, 233
*
  1.1922760E+01, 8.1940400E+00, 4.6572824E-01, 0.0000000E+00
* ELEM  286  circle
 2, 235, 234
*
  1.1922760E+01, 8.1940400E+00, 3.6819050E-01, 0.0000000E+00
* ELEM  287  line segment
 1, 535, 236
*
  1.4361160E+01, 7.3812400E+00, 0.0000000E+00, 1.6256000E+00
* ELEM  288  line segment
 1, 294, 236
*
  1.4361160E+01, 9.0068400E+00, -1.6256000E+00, 0.0000000E+00
* ELEM  289  circle
 2, 237, 236
*
  1.3548360E+01, 8.1940400E+00, 6.1341000E-01, 0.0000000E+00
* ELEM  290  circle
 2, 238, 237
*
  1.3548360E+01, 8.1940400E+00, 5.3213000E-01, 0.0000000E+00
* ELEM  291  circle
 2, 239, 238
*
  1.3548360E+01, 8.1940400E+00, 5.2070000E-01, 0.0000000E+00
* ELEM  292  circle
 2, 240, 239
*
  1.3548360E+01, 8.1940400E+00, 5.0751558E-01, 0.0000000E+00
* ELEM  293  circle
 2, 241, 240
*
  1.3548360E+01, 8.1940400E+00, 4.6572824E-01, 0.0000000E+00
* ELEM  294  circle
 2, 242, 241
*
  1.3548360E+01, 8.1940400E+00, 3.6819050E-01, 0.0000000E+00
* ELEM  295  line segment
 1, 514, 243
*
  1.3563600E+00, 1.0632440E+01, 0.0000000E+00, -1.6256000E+00
* ELEM  296  line segment
 1, 250, 243
*
  2.9819600E+00, 9.0068400E+00, 0.0000000E+00, 1.6256000E+00
* ELEM  297  line segment
 1, 301, 243
*
  2.9819600E+00, 1.0632440E+01, -1.6256000E+00, 0.0000000E+00
* ELEM  298  circle
 2, 244, 243
*
  2.1691600E+00, 9.8196400E+00, 6.1341000E-01, 0.0000000E+00
* ELEM  299  circle
 2, 245, 244
*
  2.1691600E+00, 9.8196400E+00, 5.3213000E-01, 0.0000000E+00
* ELEM  300  circle
 2, 246, 245
*
  2.1691600E+00, 9.8196400E+00, 5.2070000E-01, 0.0000000E+00
* ELEM  301  circle
 2, 247, 246
*
  2.1691600E+00, 9.8196400E+00, 5.0751558E-01, 0.0000000E+00
* ELEM  302  circle
 2, 248, 247
*
  2.1691600E+00, 9.8196400E+00, 4.6572824E-01, 0.0000000E+00
* ELEM  303  circle
 2, 249, 248
*
  2.1691600E+00, 9.8196400E+00, 3.6819050E-01, 0.0000000E+00
* ELEM  304  line segment
 1, 257, 250
*
  4.6075600E+00, 9.0068400E+00, 0.0000000E+00, 1.6256000E+00
* ELEM  305  line segment
 1, 308, 250
*
  4.6075600E+00, 1.0632440E+01, -1.6256000E+00, 0.0000000E+00
* ELEM  306  circle
 2, 251, 250
*
  3.7947600E+00, 9.8196400E+00, 6.1341000E-01, 0.0000000E+00
* ELEM  307  circle
 2, 252, 251
*
  3.7947600E+00, 9.8196400E+00, 5.3213000E-01, 0.0000000E+00
* ELEM  308  circle
 2, 253, 252
*
  3.7947600E+00, 9.8196400E+00, 5.2070000E-01, 0.0000000E+00
* ELEM  309  circle
 2, 254, 253
*
  3.7947600E+00, 9.8196400E+00, 5.0751558E-01, 0.0000000E+00
* ELEM  310  circle
 2, 255, 254
*
  3.7947600E+00, 9.8196400E+00, 4.6572824E-01, 0.0000000E+00
* ELEM  311  circle
 2, 256, 255
*
  3.7947600E+00, 9.8196400E+00, 3.6819050E-01, 0.0000000E+00
* ELEM  312  line segment
 1, 264, 257
*
  6.2331600E+00, 9.0068400E+00, 0.0000000E+00, 1.6256000E+00
* ELEM  313  line segment
 1, 315, 257
*
  6.2331600E+00, 1.0632440E+01, -1.6256000E+00, 0.0000000E+00
* ELEM  314  circle
 2, 258, 257
*
  5.4203600E+00, 9.8196400E+00, 6.1341000E-01, 0.0000000E+00
* ELEM  315  circle
 2, 259, 258
*
  5.4203600E+00, 9.8196400E+00, 5.3213000E-01, 0.0000000E+00
* ELEM  316  circle
 2, 260, 259
*
  5.4203600E+00, 9.8196400E+00, 5.2070000E-01, 0.0000000E+00
* ELEM  317  circle
 2, 261, 260
*
  5.4203600E+00, 9.8196400E+00, 5.0751558E-01, 0.0000000E+00
* ELEM  318  circle
 2, 262, 261
*
  5.4203600E+00, 9.8196400E+00, 4.6572824E-01, 0.0000000E+00
* ELEM  319  circle
 2, 263, 262
*
  5.4203600E+00, 9.8196400E+00, 3.6819050E-01, 0.0000000E+00
* ELEM  320  line segment
 1, 271, 264
*
  7.8587600E+00, 9.0068400E+00, 0.0000000E+00, 1.6256000E+00
* ELEM  321  line segment
 1, 322, 264
*
  7.8587600E+00, 1.0632440E+01, -1.6256000E+00, 0.0000000E+00
* ELEM  322  circle
 2, 265, 264
*
  7.0459600E+00, 9.8196400E+00, 6.1341000E-01, 0.0000000E+00
* ELEM  323  circle
 2, 266, 265
*
  7.0459600E+00, 9.8196400E+00, 5.3213000E-01, 0.0000000E+00
* ELEM  324  circle
 2, 267, 266
*
  7.0459600E+00, 9.8196400E+00, 5.2070000E-01, 0.0000000E+00
* ELEM  325  circle
 2, 268, 267
*
  7.0459600E+00, 9.8196400E+00, 5.0751558E-01, 0.0000000E+00
* ELEM  326  circle
 2, 269, 268
*
  7.0459600E+00, 9.8196400E+00, 4.6572824E-01, 0.0000000E+00
* ELEM  327  circle
 2, 270, 269
*
  7.0459600E+00, 9.8196400E+00, 3.6819050E-01, 0.0000000E+00
* ELEM  328  line segment
 1, 448, 271
*
  7.8587600E+00, 9.0068400E+00, 1.6256000E+00, 0.0000000E+00
* ELEM  329  line segment
 1, 278, 271
*
  9.4843600E+00, 9.0068400E+00, 0.0000000E+00, 1.6256000E+00
* ELEM  330  line segment
 1, 331, 271
*
  9.4843600E+00, 1.0632440E+01, -1.6256000E+00, 0.0000000E+00
* ELEM  331  circle
 2, 272, 271
*
  8.6715600E+00, 9.8196400E+00, 6.1341000E-01, 0.0000000E+00
* ELEM  332  circle
 2, 273, 272
*
  8.6715600E+00, 9.8196400E+00, 5.3213000E-01, 0.0000000E+00
* ELEM  333  circle
 2, 274, 273
*
  8.6715600E+00, 9.8196400E+00, 5.2070000E-01, 0.0000000E+00
* ELEM  334  circle
 2, 275, 274
*
  8.6715600E+00, 9.8196400E+00, 5.0751558E-01, 0.0000000E+00
* ELEM  335  circle
 2, 276, 275
*
  8.6715600E+00, 9.8196400E+00, 4.6572824E-01, 0.0000000E+00
* ELEM  336  circle
 2, 277, 276
*
  8.6715600E+00, 9.8196400E+00, 3.6819050E-01, 0.0000000E+00
* ELEM  337  line segment
 1, 285, 278
*
  1.1109960E+01, 9.0068400E+00, 0.0000000E+00, 1.6256000E+00
* ELEM  338  line segment
 1, 338, 278
*
  1.1109960E+01, 1.0632440E+01, -1.6256000E+00, 0.0000000E+00
* ELEM  339  circle
 2, 279, 278
*
  1.0297160E+01, 9.8196400E+00, 6.1341000E-01, 0.0000000E+00
* ELEM  340  circle
 2, 280, 279
*
  1.0297160E+01, 9.8196400E+00, 5.3213000E-01, 0.0000000E+00
* ELEM  341  circle
 2, 281, 280
*
  1.0297160E+01, 9.8196400E+00, 5.2070000E-01, 0.0000000E+00
* ELEM  342  circle
 2, 282, 281
*
  1.0297160E+01, 9.8196400E+00, 5.0751558E-01, 0.0000000E+00
* ELEM  343  circle
 2, 283, 282
*
  1.0297160E+01, 9.8196400E+00, 4.6572824E-01, 0.0000000E+00
* ELEM  344  circle
 2, 284, 283
*
  1.0297160E+01, 9.8196400E+00, 3.6819050E-01, 0.0000000E+00
* ELEM  345  line segment
 1, 294, 285
*
  1.2735560E+01, 9.0068400E+00, 0.0000000E+00, 1.6256000E+00
* ELEM  346  line segment
 1, 345, 285
*
  1.2735560E+01, 1.0632440E+01, -1.6256000E+00, 0.0000000E+00
* ELEM  347  circle
 2, 286, 285
*
  1.1922760E+01, 9.8196400E+00, 6.1341000E-01, 0.0000000E+00
* ELEM  348  circle
 2, 287, 286
*
  1.1922760E+01, 9.8196400E+00, 5.3213000E-01, 0.0000000E+00
* ELEM  349  circle
 2, 288, 287
*
  1.1922760E+01, 9.8196400E+00, 5.2070000E-01, 0.0000000E+00
* ELEM  350  circle
 2, 289, 288
*
  1.1922760E+01, 9.8196400E+00, 5.0751558E-01, 0.0000000E+00
* ELEM  351  circle
 2, 290, 289
*
  1.1922760E+01, 9.8196400E+00, 4.6572824E-01, 0.0000000E+00
* ELEM  352  circle
 2, 291, 290
*
  1.1922760E+01, 9.8196400E+00, 4.0333249E-01, 0.0000000E+00
* ELEM  353  circle
 2, 292, 291
*
  1.1922760E+01, 9.8196400E+00, 3.2931960E-01, 0.0000000E+00
* ELEM  354  circle
 2, 293, 292
*
  1.1922760E+01, 9.8196400E+00, 2.3286412E-01, 0.0000000E+00
* ELEM  355  line segment
 1, 538, 294
*
  1.4361160E+01, 9.0068400E+00, 0.0000000E+00, 1.6256000E+00
* ELEM  356  line segment
 1, 352, 294
*
  1.4361160E+01, 1.0632440E+01, -1.6256000E+00, 0.0000000E+00
* ELEM  357  circle
 2, 295, 294
*
  1.3548360E+01, 9.8196400E+00, 6.1341000E-01, 0.0000000E+00
* ELEM  358  circle
 2, 296, 295
*
  1.3548360E+01, 9.8196400E+00, 5.3213000E-01, 0.0000000E+00
* ELEM  359  circle
 2, 297, 296
*
  1.3548360E+01, 9.8196400E+00, 5.2070000E-01, 0.0000000E+00
* ELEM  360  circle
 2, 298, 297
*
  1.3548360E+01, 9.8196400E+00, 5.0751558E-01, 0.0000000E+00
* ELEM  361  circle
 2, 299, 298
*
  1.3548360E+01, 9.8196400E+00, 4.6572824E-01, 0.0000000E+00
* ELEM  362  circle
 2, 300, 299
*
  1.3548360E+01, 9.8196400E+00, 3.6819050E-01, 0.0000000E+00
* ELEM  363  line segment
 1, 517, 301
*
  1.3563600E+00, 1.2258040E+01, 0.0000000E+00, -1.6256000E+00
* ELEM  364  line segment
 1, 308, 301
*
  2.9819600E+00, 1.0632440E+01, 0.0000000E+00, 1.6256000E+00
* ELEM  365  line segment
 1, 438, 301
*
  2.9819600E+00, 1.2258040E+01, -1.6256000E+00, 0.0000000E+00
* ELEM  366  circle
 2, 302, 301
*
  2.1691600E+00, 1.1445240E+01, 6.1341000E-01, 0.0000000E+00
* ELEM  367  circle
 2, 303, 302
*
  2.1691600E+00, 1.1445240E+01, 5.3213000E-01, 0.0000000E+00
* ELEM  368  circle
 2, 304, 303
*
  2.1691600E+00, 1.1445240E+01, 5.2070000E-01, 0.0000000E+00
* ELEM  369  circle
 2, 305, 304
*
  2.1691600E+00, 1.1445240E+01, 5.0751558E-01, 0.0000000E+00
* ELEM  370  circle
 2, 306, 305
*
  2.1691600E+00, 1.1445240E+01, 4.6572824E-01, 0.0000000E+00
* ELEM  371  circle
 2, 307, 306
*
  2.1691600E+00, 1.1445240E+01, 3.6819050E-01, 0.0000000E+00
* ELEM  372  line segment
 1, 315, 308
*
  4.6075600E+00, 1.0632440E+01, 0.0000000E+00, 1.6256000E+00
* ELEM  373  line segment
 1, 359, 308
*
  4.6075600E+00, 1.2258040E+01, -1.6256000E+00, 0.0000000E+00
* ELEM  374  circle
 2, 309, 308
*
  3.7947600E+00, 1.1445240E+01, 6.1341000E-01, 0.0000000E+00
* ELEM  375  circle
 2, 310, 309
*
  3.7947600E+00, 1.1445240E+01, 5.3213000E-01, 0.0000000E+00
* ELEM  376  circle
 2, 311, 310
*
  3.7947600E+00, 1.1445240E+01, 5.2070000E-01, 0.0000000E+00
* ELEM  377  circle
 2, 312, 311
*
  3.7947600E+00, 1.1445240E+01, 5.0751558E-01, 0.0000000E+00
* ELEM  378  circle
 2, 313, 312
*
  3.7947600E+00, 1.1445240E+01, 4.6572824E-01, 0.0000000E+00
* ELEM  379  circle
 2, 314, 313
*
  3.7947600E+00, 1.1445240E+01, 3.6819050E-01, 0.0000000E+00
* ELEM  380  line segment
 1, 322, 315
*
  6.2331600E+00, 1.0632440E+01, 0.0000000E+00, 1.6256000E+00
* ELEM  381  line segment
 1, 366, 315
*
  6.2331600E+00, 1.2258040E+01, -1.6256000E+00, 0.0000000E+00
* ELEM  382  circle
 2, 316, 315
*
  5.4203600E+00, 1.1445240E+01, 6.1341000E-01, 0.0000000E+00
* ELEM  383  circle
 2, 317, 316
*
  5.4203600E+00, 1.1445240E+01, 5.3213000E-01, 0.0000000E+00
* ELEM  384  circle
 2, 318, 317
*
  5.4203600E+00, 1.1445240E+01, 5.2070000E-01, 0.0000000E+00
* ELEM  385  circle
 2, 319, 318
*
  5.4203600E+00, 1.1445240E+01, 5.0751558E-01, 0.0000000E+00
* ELEM  386  circle
 2, 320, 319
*
  5.4203600E+00, 1.1445240E+01, 4.6572824E-01, 0.0000000E+00
* ELEM  387  circle
 2, 321, 320
*
  5.4203600E+00, 1.1445240E+01, 3.6819050E-01, 0.0000000E+00
* ELEM  388  line segment
 1, 331, 322
*
  7.8587600E+00, 1.0632440E+01, 0.0000000E+00, 1.6256000E+00
* ELEM  389  line segment
 1, 373, 322
*
  7.8587600E+00, 1.2258040E+01, -1.6256000E+00, 0.0000000E+00
* ELEM  390  circle
 2, 323, 322
*
  7.0459600E+00, 1.1445240E+01, 6.1341000E-01, 0.0000000E+00
* ELEM  391  circle
 2, 324, 323
*
  7.0459600E+00, 1.1445240E+01, 5.3213000E-01, 0.0000000E+00
* ELEM  392  circle
 2, 325, 324
*
  7.0459600E+00, 1.1445240E+01, 5.2070000E-01, 0.0000000E+00
* ELEM  393  circle
 2, 326, 325
*
  7.0459600E+00, 1.1445240E+01, 5.0751558E-01, 0.0000000E+00
* ELEM  394  circle
 2, 327, 326
*
  7.0459600E+00, 1.1445240E+01, 4.6572824E-01, 0.0000000E+00
* ELEM  395  circle
 2, 328, 327
*
  7.0459600E+00, 1.1445240E+01, 4.0333249E-01, 0.0000000E+00
* ELEM  396  circle
 2, 329, 328
*
  7.0459600E+00, 1.1445240E+01, 3.2931960E-01, 0.0000000E+00
* ELEM  397  circle
 2, 330, 329
*
  7.0459600E+00, 1.1445240E+01, 2.3286412E-01, 0.0000000E+00
* ELEM  398  line segment
 1, 338, 331
*
  9.4843600E+00, 1.0632440E+01, 0.0000000E+00, 1.6256000E+00
* ELEM  399  line segment
 1, 380, 331
*
  9.4843600E+00, 1.2258040E+01, -1.6256000E+00, 0.0000000E+00
* ELEM  400  circle
 2, 332, 331
*
  8.6715600E+00, 1.1445240E+01, 6.1341000E-01, 0.0000000E+00
* ELEM  401  circle
 2, 333, 332
*
  8.6715600E+00, 1.1445240E+01, 5.3213000E-01, 0.0000000E+00
* ELEM  402  circle
 2, 334, 333
*
  8.6715600E+00, 1.1445240E+01, 5.2070000E-01, 0.0000000E+00
* ELEM  403  circle
 2, 335, 334
*
  8.6715600E+00, 1.1445240E+01, 5.0751558E-01, 0.0000000E+00
* ELEM  404  circle
 2, 336, 335
*
  8.6715600E+00, 1.1445240E+01, 4.6572824E-01, 0.0000000E+00
* ELEM  405  circle
 2, 337, 336
*
  8.6715600E+00, 1.1445240E+01, 3.6819050E-01, 0.0000000E+00
* ELEM  406  line segment
 1, 345, 338
*
  1.1109960E+01, 1.0632440E+01, 0.0000000E+00, 1.6256000E+00
* ELEM  407  line segment
 1, 387, 338
*
  1.1109960E+01, 1.2258040E+01, -1.6256000E+00, 0.0000000E+00
* ELEM  408  circle
 2, 339, 338
*
  1.0297160E+01, 1.1445240E+01, 6.1341000E-01, 0.0000000E+00
* ELEM  409  circle
 2, 340, 339
*
  1.0297160E+01, 1.1445240E+01, 5.3213000E-01, 0.0000000E+00
* ELEM  410  circle
 2, 341, 340
*
  1.0297160E+01, 1.1445240E+01, 5.2070000E-01, 0.0000000E+00
* ELEM  411  circle
 2, 342, 341
*
  1.0297160E+01, 1.1445240E+01, 5.0751558E-01, 0.0000000E+00
* ELEM  412  circle
 2, 343, 342
*
  1.0297160E+01, 1.1445240E+01, 4.6572824E-01, 0.0000000E+00
* ELEM  413  circle
 2, 344, 343
*
  1.0297160E+01, 1.1445240E+01, 3.6819050E-01, 0.0000000E+00
* ELEM  414  line segment
 1, 352, 345
*
  1.2735560E+01, 1.0632440E+01, 0.0000000E+00, 1.6256000E+00
* ELEM  415  line segment
 1, 394, 345
*
  1.2735560E+01, 1.2258040E+01, -1.6256000E+00, 0.0000000E+00
* ELEM  416  circle
 2, 346, 345
*
  1.1922760E+01, 1.1445240E+01, 6.1341000E-01, 0.0000000E+00
* ELEM  417  circle
 2, 347, 346
*
  1.1922760E+01, 1.1445240E+01, 5.3213000E-01, 0.0000000E+00
* ELEM  418  circle
 2, 348, 347
*
  1.1922760E+01, 1.1445240E+01, 5.2070000E-01, 0.0000000E+00
* ELEM  419  circle
 2, 349, 348
*
  1.1922760E+01, 1.1445240E+01, 5.0751558E-01, 0.0000000E+00
* ELEM  420  circle
 2, 350, 349
*
  1.1922760E+01, 1.1445240E+01, 4.6572824E-01, 0.0000000E+00
* ELEM  421  circle
 2, 351, 350
*
  1.1922760E+01, 1.1445240E+01, 3.6819050E-01, 0.0000000E+00
* ELEM  422  line segment
 1, 541, 352
*
  1.4361160E+01, 1.0632440E+01, 0.0000000E+00, 1.6256000E+00
* ELEM  423  line segment
 1, 401, 352
*
  1.4361160E+01, 1.2258040E+01, -1.6256000E+00, 0.0000000E+00
* ELEM  424  circle
 2, 353, 352
*
  1.3548360E+01, 1.1445240E+01, 6.1341000E-01, 0.0000000E+00
* ELEM  425  circle
 2, 354, 353
*
  1.3548360E+01, 1.1445240E+01, 5.3213000E-01, 0.0000000E+00
* ELEM  426  circle
 2, 355, 354
*
  1.3548360E+01, 1.1445240E+01, 5.2070000E-01, 0.0000000E+00
* ELEM  427  circle
 2, 356, 355
*
  1.3548360E+01, 1.1445240E+01, 5.0751558E-01, 0.0000000E+00
* ELEM  428  circle
 2, 357, 356
*
  1.3548360E+01, 1.1445240E+01, 4.6572824E-01, 0.0000000E+00
* ELEM  429  circle
 2, 358, 357
*
  1.3548360E+01, 1.1445240E+01, 3.6819050E-01, 0.0000000E+00
* ELEM  430  line segment
 1, 438, 359
*
  2.9819600E+00, 1.3883640E+01, 0.0000000E+00, -1.6256000E+00
* ELEM  431  line segment
 1, 366, 359
*
  4.6075600E+00, 1.2258040E+01, 0.0000000E+00, 1.6256000E+00
* ELEM  432  line segment
 1, 478, 359
*
  4.6075600E+00, 1.3883640E+01, -1.6256000E+00, 0.0000000E+00
* ELEM  433  circle
 2, 360, 359
*
  3.7947600E+00, 1.3070840E+01, 6.1341000E-01, 0.0000000E+00
* ELEM  434  circle
 2, 361, 360
*
  3.7947600E+00, 1.3070840E+01, 5.3213000E-01, 0.0000000E+00
* ELEM  435  circle
 2, 362, 361
*
  3.7947600E+00, 1.3070840E+01, 5.2070000E-01, 0.0000000E+00
* ELEM  436  circle
 2, 363, 362
*
  3.7947600E+00, 1.3070840E+01, 5.0751558E-01, 0.0000000E+00
* ELEM  437  circle
 2, 364, 363
*
  3.7947600E+00, 1.3070840E+01, 4.6572824E-01, 0.0000000E+00
* ELEM  438  circle
 2, 365, 364
*
  3.7947600E+00, 1.3070840E+01, 3.6819050E-01, 0.0000000E+00
* ELEM  439  line segment
 1, 373, 366
*
  6.2331600E+00, 1.2258040E+01, 0.0000000E+00, 1.6256000E+00
* ELEM  440  line segment
 1, 481, 366
*
  6.2331600E+00, 1.3883640E+01, -1.6256000E+00, 0.0000000E+00
* ELEM  441  circle
 2, 367, 366
*
  5.4203600E+00, 1.3070840E+01, 6.1341000E-01, 0.0000000E+00
* ELEM  442  circle
 2, 368, 367
*
  5.4203600E+00, 1.3070840E+01, 5.3213000E-01, 0.0000000E+00
* ELEM  443  circle
 2, 369, 368
*
  5.4203600E+00, 1.3070840E+01, 5.2070000E-01, 0.0000000E+00
* ELEM  444  circle
 2, 370, 369
*
  5.4203600E+00, 1.3070840E+01, 5.0751558E-01, 0.0000000E+00
* ELEM  445  circle
 2, 371, 370
*
  5.4203600E+00, 1.3070840E+01, 4.6572824E-01, 0.0000000E+00
* ELEM  446  circle
 2, 372, 371
*
  5.4203600E+00, 1.3070840E+01, 3.6819050E-01, 0.0000000E+00
* ELEM  447  line segment
 1, 380, 373
*
  7.8587600E+00, 1.2258040E+01, 0.0000000E+00, 1.6256000E+00
* ELEM  448  line segment
 1, 484, 373
*
  7.8587600E+00, 1.3883640E+01, -1.6256000E+00, 0.0000000E+00
* ELEM  449  circle
 2, 374, 373
*
  7.0459600E+00, 1.3070840E+01, 6.1341000E-01, 0.0000000E+00
* ELEM  450  circle
 2, 375, 374
*
  7.0459600E+00, 1.3070840E+01, 5.3213000E-01, 0.0000000E+00
* ELEM  451  circle
 2, 376, 375
*
  7.0459600E+00, 1.3070840E+01, 5.2070000E-01, 0.0000000E+00
* ELEM  452  circle
 2, 377, 376
*
  7.0459600E+00, 1.3070840E+01, 5.0751558E-01, 0.0000000E+00
* ELEM  453  circle
 2, 378, 377
*
  7.0459600E+00, 1.3070840E+01, 4.6572824E-01, 0.0000000E+00
* ELEM  454  circle
 2, 379, 378
*
  7.0459600E+00, 1.3070840E+01, 3.6819050E-01, 0.0000000E+00
* ELEM  455  line segment
 1, 387, 380
*
  9.4843600E+00, 1.2258040E+01, 0.0000000E+00, 1.6256000E+00
* ELEM  456  line segment
 1, 487, 380
*
  9.4843600E+00, 1.3883640E+01, -1.6256000E+00, 0.0000000E+00
* ELEM  457  circle
 2, 381, 380
*
  8.6715600E+00, 1.3070840E+01, 6.1341000E-01, 0.0000000E+00
* ELEM  458  circle
 2, 382, 381
*
  8.6715600E+00, 1.3070840E+01, 5.3213000E-01, 0.0000000E+00
* ELEM  459  circle
 2, 383, 382
*
  8.6715600E+00, 1.3070840E+01, 5.2070000E-01, 0.0000000E+00
* ELEM  460  circle
 2, 384, 383
*
  8.6715600E+00, 1.3070840E+01, 5.0751558E-01, 0.0000000E+00
* ELEM  461  circle
 2, 385, 384
*
  8.6715600E+00, 1.3070840E+01, 4.6572824E-01, 0.0000000E+00
* ELEM  462  circle
 2, 386, 385
*
  8.6715600E+00, 1.3070840E+01, 3.6819050E-01, 0.0000000E+00
* ELEM  463  line segment
 1, 394, 387
*
  1.1109960E+01, 1.2258040E+01, 0.0000000E+00, 1.6256000E+00
* ELEM  464  line segment
 1, 490, 387
*
  1.1109960E+01, 1.3883640E+01, -1.6256000E+00, 0.0000000E+00
* ELEM  465  circle
 2, 388, 387
*
  1.0297160E+01, 1.3070840E+01, 6.1341000E-01, 0.0000000E+00
* ELEM  466  circle
 2, 389, 388
*
  1.0297160E+01, 1.3070840E+01, 5.3213000E-01, 0.0000000E+00
* ELEM  467  circle
 2, 390, 389
*
  1.0297160E+01, 1.3070840E+01, 5.2070000E-01, 0.0000000E+00
* ELEM  468  circle
 2, 391, 390
*
  1.0297160E+01, 1.3070840E+01, 5.0751558E-01, 0.0000000E+00
* ELEM  469  circle
 2, 392, 391
*
  1.0297160E+01, 1.3070840E+01, 4.6572824E-01, 0.0000000E+00
* ELEM  470  circle
 2, 393, 392
*
  1.0297160E+01, 1.3070840E+01, 3.6819050E-01, 0.0000000E+00
* ELEM  471  line segment
 1, 401, 394
*
  1.2735560E+01, 1.2258040E+01, 0.0000000E+00, 1.6256000E+00
* ELEM  472  line segment
 1, 493, 394
*
  1.2735560E+01, 1.3883640E+01, -1.6256000E+00, 0.0000000E+00
* ELEM  473  circle
 2, 395, 394
*
  1.1922760E+01, 1.3070840E+01, 6.1341000E-01, 0.0000000E+00
* ELEM  474  circle
 2, 396, 395
*
  1.1922760E+01, 1.3070840E+01, 5.3213000E-01, 0.0000000E+00
* ELEM  475  circle
 2, 397, 396
*
  1.1922760E+01, 1.3070840E+01, 5.2070000E-01, 0.0000000E+00
* ELEM  476  circle
 2, 398, 397
*
  1.1922760E+01, 1.3070840E+01, 5.0751558E-01, 0.0000000E+00
* ELEM  477  circle
 2, 399, 398
*
  1.1922760E+01, 1.3070840E+01, 4.6572824E-01, 0.0000000E+00
* ELEM  478  circle
 2, 400, 399
*
  1.1922760E+01, 1.3070840E+01, 3.6819050E-01, 0.0000000E+00
* ELEM  479  line segment
 1, 496, 401
*
  1.4185763E+01, 1.3883640E+01, -1.4502031E+00, 0.0000000E+00
* ELEM  480  circular arc
 3, 401, 558
*
  1.3596620E+01, 1.3119100E+01, 9.6520000E-01, 3.7617311E+01, 1.4765378E+01
* ELEM  481  line segment
 1, 544, 401
*
  1.4361160E+01, 1.2258040E+01, 0.0000000E+00, 1.4502031E+00
* ELEM  482  circle
 2, 402, 401
*
  1.3548360E+01, 1.3070840E+01, 6.1341000E-01, 0.0000000E+00
* ELEM  483  circle
 2, 403, 402
*
  1.3548360E+01, 1.3070840E+01, 5.3213000E-01, 0.0000000E+00
* ELEM  484  circle
 2, 404, 403
*
  1.3548360E+01, 1.3070840E+01, 5.2070000E-01, 0.0000000E+00
* ELEM  485  circle
 2, 405, 404
*
  1.3548360E+01, 1.3070840E+01, 5.0751558E-01, 0.0000000E+00
* ELEM  486  circle
 2, 406, 405
*
  1.3548360E+01, 1.3070840E+01, 4.6572824E-01, 0.0000000E+00
* ELEM  487  circle
 2, 407, 406
*
  1.3548360E+01, 1.3070840E+01, 3.6819050E-01, 0.0000000E+00
* ELEM  488  circular arc
 3, 408, 555
*
  2.1209000E+00, 1.6433800E+00, 9.6520000E-01, 2.1761731E+02, 1.4765378E+01
* ELEM  489  line segment
 1, 499, 408
*
  1.3563600E+00, 2.5044400E+00, 0.0000000E+00, -1.4502031E+00
* ELEM  490  line segment
 1, 415, 408
*
  2.9819600E+00, 8.7884000E-01, 0.0000000E+00, 1.6256000E+00
* ELEM  491  line segment
 1, 451, 408
*
  1.5317569E+00, 8.7884000E-01, 1.4502031E+00, 0.0000000E+00
* ELEM  492  circle
 2, 409, 408
*
  2.1691600E+00, 1.6916400E+00, 6.1341000E-01, 0.0000000E+00
* ELEM  493  circle
 2, 410, 409
*
  2.1691600E+00, 1.6916400E+00, 5.3213000E-01, 0.0000000E+00
* ELEM  494  circle
 2, 411, 410
*
  2.1691600E+00, 1.6916400E+00, 5.2070000E-01, 0.0000000E+00
* ELEM  495  circle
 2, 412, 411
*
  2.1691600E+00, 1.6916400E+00, 5.0751558E-01, 0.0000000E+00
* ELEM  496  circle
 2, 413, 412
*
  2.1691600E+00, 1.6916400E+00, 4.6572824E-01, 0.0000000E+00
* ELEM  497  circle
 2, 414, 413
*
  2.1691600E+00, 1.6916400E+00, 3.6819050E-01, 0.0000000E+00
* ELEM  498  line segment
 1, 454, 415
*
  2.9819600E+00, 8.7884000E-01, 1.6256000E+00, 0.0000000E+00
* ELEM  499  line segment
 1, 422, 415
*
  4.6075600E+00, 8.7884000E-01, 0.0000000E+00, 1.6256000E+00
* ELEM  500  circle
 2, 416, 415
*
  3.7947600E+00, 1.6916400E+00, 6.1341000E-01, 0.0000000E+00
* ELEM  501  circle
 2, 417, 416
*
  3.7947600E+00, 1.6916400E+00, 5.3213000E-01, 0.0000000E+00
* ELEM  502  circle
 2, 418, 417
*
  3.7947600E+00, 1.6916400E+00, 5.2070000E-01, 0.0000000E+00
* ELEM  503  circle
 2, 419, 418
*
  3.7947600E+00, 1.6916400E+00, 5.0751558E-01, 0.0000000E+00
* ELEM  504  circle
 2, 420, 419
*
  3.7947600E+00, 1.6916400E+00, 4.6572824E-01, 0.0000000E+00
* ELEM  505  circle
 2, 421, 420
*
  3.7947600E+00, 1.6916400E+00, 3.6819050E-01, 0.0000000E+00
* ELEM  506  line segment
 1, 457, 422
*
  4.6075600E+00, 8.7884000E-01, 1.6256000E+00, 0.0000000E+00
* ELEM  507  line segment
 1, 429, 422
*
  6.2331600E+00, 2.5044400E+00, -1.6256000E+00, 0.0000000E+00
* ELEM  508  circle
 2, 423, 422
*
  5.4203600E+00, 1.6916400E+00, 6.1341000E-01, 0.0000000E+00
* ELEM  509  circle
 2, 424, 423
*
  5.4203600E+00, 1.6916400E+00, 5.3213000E-01, 0.0000000E+00
* ELEM  510  circle
 2, 425, 424
*
  5.4203600E+00, 1.6916400E+00, 5.2070000E-01, 0.0000000E+00
* ELEM  511  circle
 2, 426, 425
*
  5.4203600E+00, 1.6916400E+00, 5.0751558E-01, 0.0000000E+00
* ELEM  512  circle
 2, 427, 426
*
  5.4203600E+00, 1.6916400E+00, 4.6572824E-01, 0.0000000E+00
* ELEM  513  circle
 2, 428, 427
*
  5.4203600E+00, 1.6916400E+00, 3.6819050E-01, 0.0000000E+00
* ELEM  514  circle
 2, 430, 429
*
  5.4203600E+00, 3.3172400E+00, 6.1341000E-01, 0.0000000E+00
* ELEM  515  circle
 2, 431, 430
*
  5.4203600E+00, 3.3172400E+00, 5.3213000E-01, 0.0000000E+00
* ELEM  516  circle
 2, 432, 431
*
  5.4203600E+00, 3.3172400E+00, 5.2070000E-01, 0.0000000E+00
* ELEM  517  circle
 2, 433, 432
*
  5.4203600E+00, 3.3172400E+00, 5.0751558E-01, 0.0000000E+00
* ELEM  518  circle
 2, 434, 433
*
  5.4203600E+00, 3.3172400E+00, 4.6572824E-01, 0.0000000E+00
* ELEM  519  circle
 2, 435, 434
*
  5.4203600E+00, 3.3172400E+00, 4.0333249E-01, 0.0000000E+00
* ELEM  520  circle
 2, 436, 435
*
  5.4203600E+00, 3.3172400E+00, 3.2931960E-01, 0.0000000E+00
* ELEM  521  circle
 2, 437, 436
*
  5.4203600E+00, 3.3172400E+00, 2.3286412E-01, 0.0000000E+00
* ELEM  522  line segment
 1, 520, 438
*
  1.3563600E+00, 1.3708243E+01, 0.0000000E+00, -1.4502031E+00
* ELEM  523  circular arc
 3, 438, 557
*
  2.1209000E+00, 1.3119100E+01, 9.6520000E-01, 1.2761731E+02, 1.4765378E+01
* ELEM  524  line segment
 1, 475, 438
*
  2.9819600E+00, 1.3883640E+01, -1.4502031E+00, 0.0000000E+00
* ELEM  525  circle
 2, 439, 438
*
  2.1691600E+00, 1.3070840E+01, 6.1341000E-01, 0.0000000E+00
* ELEM  526  circle
 2, 440, 439
*
  2.1691600E+00, 1.3070840E+01, 5.3213000E-01, 0.0000000E+00
* ELEM  527  circle
 2, 441, 440
*
  2.1691600E+00, 1.3070840E+01, 5.2070000E-01, 0.0000000E+00
* ELEM  528  circle
 2, 442, 441
*
  2.1691600E+00, 1.3070840E+01, 5.0751558E-01, 0.0000000E+00
* ELEM  529  circle
 2, 443, 442
*
  2.1691600E+00, 1.3070840E+01, 4.6572824E-01, 0.0000000E+00
* ELEM  530  circle
 2, 444, 443
*
  2.1691600E+00, 1.3070840E+01, 3.6819050E-01, 0.0000000E+00
* ELEM  531  circle
 2, 446, 445
*
  7.0459600E+00, 6.5684400E+00, 7.5057000E-01, 0.0000000E+00
* ELEM  532  circle
 2, 447, 446
*
  7.0459600E+00, 6.5684400E+00, 6.7437000E-01, 0.0000000E+00
* ELEM  533  circle
 2, 449, 448
*
  8.6715600E+00, 8.1940400E+00, 7.5057000E-01, 0.0000000E+00
* ELEM  534  circle
 2, 450, 449
*
  8.6715600E+00, 8.1940400E+00, 6.7437000E-01, 0.0000000E+00
* ELEM  535  line segment
 1, 452, 451
*
  2.1209000E+00, 6.7818000E-01, 8.6106000E-01, 0.0000000E+00
* ELEM  536  circular arc
 3, 451, 452
*
  2.1209000E+00, 1.6433800E+00, 9.6520000E-01, 2.3238269E+02, 3.7617311E+01
* ELEM  537  line segment
 1, 454, 451
*
  2.9819600E+00, 6.7818000E-01, 0.0000000E+00, 2.0066000E-01
* ELEM  538  line segment
 1, 555, 452
*
  1.5317569E+00, 8.7884000E-01, -1.7539687E-01, 0.0000000E+00
* ELEM  539  line segment
 1, 455, 452
*
  2.9819600E+00, 4.2418000E-01, 0.0000000E+00, 2.5400000E-01
* ELEM  540  line segment
 1, 453, 452
*
  2.1209000E+00, 4.2418000E-01, 8.6106000E-01, 0.0000000E+00
* ELEM  541  circular arc
 3, 452, 453
*
  2.1209000E+00, 1.6433800E+00, 1.2192000E+00, 2.3116474E+02, 3.8835262E+01
* ELEM  542  line segment
 1, 547, 452
*
  1.3563600E+00, 8.7884000E-01, 0.0000000E+00, -1.8515849E-01
* ELEM  543  line segment
 1, 548, 453
*
  1.3563600E+00, 6.9368151E-01, 0.0000000E+00, -6.9368151E-01
* ELEM  544  line segment
 1, 456, 453
*
  2.9819600E+00, 0.0000000E+00, 0.0000000E+00, 4.2418000E-01
* ELEM  545  line segment
 1, 0, 453
*
  1.3563600E+00, 0.0000000E+00, 1.6256000E+00, 0.0000000E+00
* ELEM  546  line segment
 1, 457, 454
*
  4.6075600E+00, 6.7818000E-01, 0.0000000E+00, 2.0066000E-01
* ELEM  547  line segment
 1, 455, 454
*
  2.9819600E+00, 6.7818000E-01, 1.6256000E+00, 0.0000000E+00
* ELEM  548  line segment
 1, 458, 455
*
  4.6075600E+00, 4.2418000E-01, 0.0000000E+00, 2.5400000E-01
* ELEM  549  line segment
 1, 456, 455
*
  2.9819600E+00, 4.2418000E-01, 1.6256000E+00, 0.0000000E+00
* ELEM  550  line segment
 1, 459, 456
*
  4.6075600E+00, 0.0000000E+00, 0.0000000E+00, 4.2418000E-01
* ELEM  551  line segment
 1, 0, 456
*
  2.9819600E+00, 0.0000000E+00, 1.6256000E+00, 0.0000000E+00
* ELEM  552  line segment
 1, 460, 457
*
  6.2331600E+00, 6.7818000E-01, 0.0000000E+00, 2.0066000E-01
* ELEM  553  line segment
 1, 458, 457
*
  4.6075600E+00, 6.7818000E-01, 1.6256000E+00, 0.0000000E+00
* ELEM  554  line segment
 1, 461, 458
*
  6.2331600E+00, 4.2418000E-01, 0.0000000E+00, 2.5400000E-01
* ELEM  555  line segment
 1, 459, 458
*
  4.6075600E+00, 4.2418000E-01, 1.6256000E+00, 0.0000000E+00
* ELEM  556  line segment
 1, 462, 459
*
  6.2331600E+00, 0.0000000E+00, 0.0000000E+00, 4.2418000E-01
* ELEM  557  line segment
 1, 0, 459
*
  4.6075600E+00, 0.0000000E+00, 1.6256000E+00, 0.0000000E+00
* ELEM  558  line segment
 1, 463, 460
*
  7.8587600E+00, 6.7818000E-01, 0.0000000E+00, 2.0066000E-01
* ELEM  559  line segment
 1, 461, 460
*
  6.2331600E+00, 6.7818000E-01, 1.6256000E+00, 0.0000000E+00
* ELEM  560  line segment
 1, 464, 461
*
  7.8587600E+00, 4.2418000E-01, 0.0000000E+00, 2.5400000E-01
* ELEM  561  line segment
 1, 462, 461
*
  6.2331600E+00, 4.2418000E-01, 1.6256000E+00, 0.0000000E+00
* ELEM  562  line segment
 1, 465, 462
*
  7.8587600E+00, 0.0000000E+00, 0.0000000E+00, 4.2418000E-01
* ELEM  563  line segment
 1, 0, 462
*
  6.2331600E+00, 0.0000000E+00, 1.6256000E+00, 0.0000000E+00
* ELEM  564  line segment
 1, 466, 463
*
  9.4843600E+00, 6.7818000E-01, 0.0000000E+00, 2.0066000E-01
* ELEM  565  line segment
 1, 464, 463
*
  7.8587600E+00, 6.7818000E-01, 1.6256000E+00, 0.0000000E+00
* ELEM  566  line segment
 1, 467, 464
*
  9.4843600E+00, 4.2418000E-01, 0.0000000E+00, 2.5400000E-01
* ELEM  567  line segment
 1, 465, 464
*
  7.8587600E+00, 4.2418000E-01, 1.6256000E+00, 0.0000000E+00
* ELEM  568  line segment
 1, 468, 465
*
  9.4843600E+00, 0.0000000E+00, 0.0000000E+00, 4.2418000E-01
* ELEM  569  line segment
 1, 0, 465
*
  7.8587600E+00, 0.0000000E+00, 1.6256000E+00, 0.0000000E+00
* ELEM  570  line segment
 1, 469, 466
*
  1.1109960E+01, 6.7818000E-01, 0.0000000E+00, 2.0066000E-01
* ELEM  571  line segment
 1, 467, 466
*
  9.4843600E+00, 6.7818000E-01, 1.6256000E+00, 0.0000000E+00
* ELEM  572  line segment
 1, 470, 467
*
  1.1109960E+01, 4.2418000E-01, 0.0000000E+00, 2.5400000E-01
* ELEM  573  line segment
 1, 468, 467
*
  9.4843600E+00, 4.2418000E-01, 1.6256000E+00, 0.0000000E+00
* ELEM  574  line segment
 1, 471, 468
*
  1.1109960E+01, 0.0000000E+00, 0.0000000E+00, 4.2418000E-01
* ELEM  575  line segment
 1, 0, 468
*
  9.4843600E+00, 0.0000000E+00, 1.6256000E+00, 0.0000000E+00
* ELEM  576  line segment
 1, 472, 469
*
  1.2735560E+01, 6.7818000E-01, 0.0000000E+00, 2.0066000E-01
* ELEM  577  line segment
 1, 470, 469
*
  1.1109960E+01, 6.7818000E-01, 1.6256000E+00, 0.0000000E+00
* ELEM  578  line segment
 1, 473, 470
*
  1.2735560E+01, 4.2418000E-01, 0.0000000E+00, 2.5400000E-01
* ELEM  579  line segment
 1, 471, 470
*
  1.1109960E+01, 4.2418000E-01, 1.6256000E+00, 0.0000000E+00
* ELEM  580  line segment
 1, 474, 471
*
  1.2735560E+01, 0.0000000E+00, 0.0000000E+00, 4.2418000E-01
* ELEM  581  line segment
 1, 0, 471
*
  1.1109960E+01, 0.0000000E+00, 1.6256000E+00, 0.0000000E+00
* ELEM  582  circular arc
 3, 472, 473
*
  1.3596620E+01, 1.6433800E+00, 9.6520000E-01, 2.7000000E+02, 3.7617311E+01
* ELEM  583  line segment
 1, 473, 472
*
  1.2735560E+01, 6.7818000E-01, 8.6106000E-01, 0.0000000E+00
* ELEM  584  line segment
 1, 556, 473
*
  1.4361160E+01, 8.7884000E-01, -1.7539687E-01, 0.0000000E+00
* ELEM  585  line segment
 1, 549, 473
*
  1.4361160E+01, 6.9368151E-01, 0.0000000E+00, 1.8515849E-01
* ELEM  586  circular arc
 3, 473, 474
*
  1.3596620E+01, 1.6433800E+00, 1.2192000E+00, 2.7000000E+02, 3.8835262E+01
* ELEM  587  line segment
 1, 474, 473
*
  1.2735560E+01, 4.2418000E-01, 8.6106000E-01, 0.0000000E+00
* ELEM  588  line segment
 1, 550, 474
*
  1.4361160E+01, 0.0000000E+00, 0.0000000E+00, 6.9368151E-01
* ELEM  589  line segment
 1, 0, 474
*
  1.2735560E+01, 0.0000000E+00, 1.6256000E+00, 0.0000000E+00
* ELEM  590  circular arc
 3, 475, 476
*
  2.1209000E+00, 1.3119100E+01, 9.6520000E-01, 9.0000000E+01, 3.7617311E+01
* ELEM  591  line segment
 1, 476, 475
*
  2.9819600E+00, 1.4084300E+01, -8.6106000E-01, 0.0000000E+00
* ELEM  592  line segment
 1, 478, 475
*
  2.9819600E+00, 1.3883640E+01, 0.0000000E+00, 2.0066000E-01
* ELEM  593  circular arc
 3, 476, 477
*
  2.1209000E+00, 1.3119100E+01, 1.2192000E+00, 9.0000000E+01, 3.8835262E+01
* ELEM  594  line segment
 1, 477, 476
*
  2.9819600E+00, 1.4338300E+01, -8.6106000E-01, 0.0000000E+00
* ELEM  595  line segment
 1, 479, 476
*
  2.9819600E+00, 1.4084300E+01, 0.0000000E+00, 2.5400000E-01
* ELEM  596  line segment
 1, 557, 476
*
  1.3563600E+00, 1.3883640E+01, 1.7539687E-01, 0.0000000E+00
* ELEM  597  line segment
 1, 551, 476
*
  1.3563600E+00, 1.4068798E+01, 0.0000000E+00, -1.8515849E-01
* ELEM  598  line segment
 1, 552, 477
*
  1.3563600E+00, 1.5240000E+01, 0.0000000E+00, -1.1712015E+00
* ELEM  599  line segment
 1, 0, 477
*
  2.9819600E+00, 1.5240000E+01, -1.6256000E+00, 0.0000000E+00
* ELEM  600  line segment
 1, 480, 477
*
  2.9819600E+00, 1.4338300E+01, 0.0000000E+00, 9.0170000E-01
* ELEM  601  line segment
 1, 479, 478
*
  4.6075600E+00, 1.4084300E+01, -1.6256000E+00, 0.0000000E+00
* ELEM  602  line segment
 1, 481, 478
*
  4.6075600E+00, 1.3883640E+01, 0.0000000E+00, 2.0066000E-01
* ELEM  603  line segment
 1, 480, 479
*
  4.6075600E+00, 1.4338300E+01, -1.6256000E+00, 0.0000000E+00
* ELEM  604  line segment
 1, 482, 479
*
  4.6075600E+00, 1.4084300E+01, 0.0000000E+00, 2.5400000E-01
* ELEM  605  line segment
 1, 0, 480
*
  4.6075600E+00, 1.5240000E+01, -1.6256000E+00, 0.0000000E+00
* ELEM  606  line segment
 1, 483, 480
*
  4.6075600E+00, 1.4338300E+01, 0.0000000E+00, 9.0170000E-01
* ELEM  607  line segment
 1, 482, 481
*
  6.2331600E+00, 1.4084300E+01, -1.6256000E+00, 0.0000000E+00
* ELEM  608  line segment
 1, 484, 481
*
  6.2331600E+00, 1.3883640E+01, 0.0000000E+00, 2.0066000E-01
* ELEM  609  line segment
 1, 483, 482
*
  6.2331600E+00, 1.4338300E+01, -1.6256000E+00, 0.0000000E+00
* ELEM  610  line segment
 1, 485, 482
*
  6.2331600E+00, 1.4084300E+01, 0.0000000E+00, 2.5400000E-01
* ELEM  611  line segment
 1, 0, 483
*
  6.2331600E+00, 1.5240000E+01, -1.6256000E+00, 0.0000000E+00
* ELEM  612  line segment
 1, 486, 483
*
  6.2331600E+00, 1.4338300E+01, 0.0000000E+00, 9.0170000E-01
* ELEM  613  line segment
 1, 485, 484
*
  7.8587600E+00, 1.4084300E+01, -1.6256000E+00, 0.0000000E+00
* ELEM  614  line segment
 1, 487, 484
*
  7.8587600E+00, 1.3883640E+01, 0.0000000E+00, 2.0066000E-01
* ELEM  615  line segment
 1, 486, 485
*
  7.8587600E+00, 1.4338300E+01, -1.6256000E+00, 0.0000000E+00
* ELEM  616  line segment
 1, 488, 485
*
  7.8587600E+00, 1.4084300E+01, 0.0000000E+00, 2.5400000E-01
* ELEM  617  line segment
 1, 0, 486
*
  7.8587600E+00, 1.5240000E+01, -1.6256000E+00, 0.0000000E+00
* ELEM  618  line segment
 1, 489, 486
*
  7.8587600E+00, 1.4338300E+01, 0.0000000E+00, 9.0170000E-01
* ELEM  619  line segment
 1, 488, 487
*
  9.4843600E+00, 1.4084300E+01, -1.6256000E+00, 0.0000000E+00
* ELEM  620  line segment
 1, 490, 487
*
  9.4843600E+00, 1.3883640E+01, 0.0000000E+00, 2.0066000E-01
* ELEM  621  line segment
 1, 489, 488
*
  9.4843600E+00, 1.4338300E+01, -1.6256000E+00, 0.0000000E+00
* ELEM  622  line segment
 1, 491, 488
*
  9.4843600E+00, 1.4084300E+01, 0.0000000E+00, 2.5400000E-01
* ELEM  623  line segment
 1, 0, 489
*
  9.4843600E+00, 1.5240000E+01, -1.6256000E+00, 0.0000000E+00
* ELEM  624  line segment
 1, 492, 489
*
  9.4843600E+00, 1.4338300E+01, 0.0000000E+00, 9.0170000E-01
* ELEM  625  line segment
 1, 491, 490
*
  1.1109960E+01, 1.4084300E+01, -1.6256000E+00, 0.0000000E+00
* ELEM  626  line segment
 1, 493, 490
*
  1.1109960E+01, 1.3883640E+01, 0.0000000E+00, 2.0066000E-01
* ELEM  627  line segment
 1, 492, 491
*
  1.1109960E+01, 1.4338300E+01, -1.6256000E+00, 0.0000000E+00
* ELEM  628  line segment
 1, 494, 491
*
  1.1109960E+01, 1.4084300E+01, 0.0000000E+00, 2.5400000E-01
* ELEM  629  line segment
 1, 0, 492
*
  1.1109960E+01, 1.5240000E+01, -1.6256000E+00, 0.0000000E+00
* ELEM  630  line segment
 1, 495, 492
*
  1.1109960E+01, 1.4338300E+01, 0.0000000E+00, 9.0170000E-01
* ELEM  631  line segment
 1, 494, 493
*
  1.2735560E+01, 1.4084300E+01, -1.6256000E+00, 0.0000000E+00
* ELEM  632  line segment
 1, 496, 493
*
  1.2735560E+01, 1.3883640E+01, 0.0000000E+00, 2.0066000E-01
* ELEM  633  line segment
 1, 495, 494
*
  1.2735560E+01, 1.4338300E+01, -1.6256000E+00, 0.0000000E+00
* ELEM  634  line segment
 1, 497, 494
*
  1.2735560E+01, 1.4084300E+01, 0.0000000E+00, 2.5400000E-01
* ELEM  635  line segment
 1, 0, 495
*
  1.2735560E+01, 1.5240000E+01, -1.6256000E+00, 0.0000000E+00
* ELEM  636  line segment
 1, 498, 495
*
  1.2735560E+01, 1.4338300E+01, 0.0000000E+00, 9.0170000E-01
* ELEM  637  line segment
 1, 497, 496
*
  1.3596620E+01, 1.4084300E+01, -8.6106000E-01, 0.0000000E+00
* ELEM  638  circular arc
 3, 496, 497
*
  1.3596620E+01, 1.3119100E+01, 9.6520000E-01, 5.2382689E+01, 3.7617311E+01
* ELEM  639  line segment
 1, 498, 497
*
  1.3596620E+01, 1.4338300E+01, -8.6106000E-01, 0.0000000E+00
* ELEM  640  circular arc
 3, 497, 498
*
  1.3596620E+01, 1.3119100E+01, 1.2192000E+00, 5.1164738E+01, 3.8835262E+01
* ELEM  641  line segment
 1, 553, 497
*
  1.4361160E+01, 1.3883640E+01, 0.0000000E+00, 1.8515849E-01
* ELEM  642  line segment
 1, 558, 497
*
  1.4185763E+01, 1.3883640E+01, 1.7539687E-01, 0.0000000E+00
* ELEM  643  line segment
 1, 0, 498
*
  1.4361160E+01, 1.5240000E+01, -1.6256000E+00, 0.0000000E+00
* ELEM  644  line segment
 1, 554, 498
*
  1.4361160E+01, 1.4068798E+01, 0.0000000E+00, 1.1712015E+00
* ELEM  645  circular arc
 3, 499, 500
*
  2.1209000E+00, 1.6433800E+00, 9.6520000E-01, 1.8000000E+02, 3.7617311E+01
* ELEM  646  line segment
 1, 500, 499
*
  1.1557000E+00, 2.5044400E+00, 0.0000000E+00, -8.6106000E-01
* ELEM  647  line segment
 1, 502, 499
*
  1.3563600E+00, 2.5044400E+00, -2.0066000E-01, 0.0000000E+00
* ELEM  648  line segment
 1, 501, 500
*
  9.0170000E-01, 2.5044400E+00, 0.0000000E+00, -8.6106000E-01
* ELEM  649  line segment
 1, 503, 500
*
  1.1557000E+00, 2.5044400E+00, -2.5400000E-01, 0.0000000E+00
* ELEM  650  line segment
 1, 555, 500
*
  1.3563600E+00, 8.7884000E-01, 0.0000000E+00, 1.7539687E-01
* ELEM  651  line segment
 1, 547, 500
*
  1.1712015E+00, 8.7884000E-01, 1.8515849E-01, 0.0000000E+00
* ELEM  652  circular arc
 3, 500, 501
*
  2.1209000E+00, 1.6433800E+00, 1.2192000E+00, 1.8000000E+02, 3.8835262E+01
* ELEM  653  line segment
 1, 0, 501
*
  0.0000000E+00, 2.5044400E+00, 0.0000000E+00, -1.6256000E+00
* ELEM  654  line segment
 1, 504, 501
*
  9.0170000E-01, 2.5044400E+00, -9.0170000E-01, 0.0000000E+00
* ELEM  655  line segment
 1, 548, 501
*
  0.0000000E+00, 8.7884000E-01, 1.1712015E+00, 0.0000000E+00
* ELEM  656  line segment
 1, 503, 502
*
  1.1557000E+00, 4.1300400E+00, 0.0000000E+00, -1.6256000E+00
* ELEM  657  line segment
 1, 505, 502
*
  1.3563600E+00, 4.1300400E+00, -2.0066000E-01, 0.0000000E+00
* ELEM  658  line segment
 1, 506, 503
*
  1.1557000E+00, 4.1300400E+00, -2.5400000E-01, 0.0000000E+00
* ELEM  659  line segment
 1, 504, 503
*
  9.0170000E-01, 4.1300400E+00, 0.0000000E+00, -1.6256000E+00
* ELEM  660  line segment
 1, 0, 504
*
  0.0000000E+00, 4.1300400E+00, 0.0000000E+00, -1.6256000E+00
* ELEM  661  line segment
 1, 507, 504
*
  9.0170000E-01, 4.1300400E+00, -9.0170000E-01, 0.0000000E+00
* ELEM  662  line segment
 1, 506, 505
*
  1.1557000E+00, 5.7556400E+00, 0.0000000E+00, -1.6256000E+00
* ELEM  663  line segment
 1, 508, 505
*
  1.3563600E+00, 5.7556400E+00, -2.0066000E-01, 0.0000000E+00
* ELEM  664  line segment
 1, 509, 506
*
  1.1557000E+00, 5.7556400E+00, -2.5400000E-01, 0.0000000E+00
* ELEM  665  line segment
 1, 507, 506
*
  9.0170000E-01, 5.7556400E+00, 0.0000000E+00, -1.6256000E+00
* ELEM  666  line segment
 1, 0, 507
*
  0.0000000E+00, 5.7556400E+00, 0.0000000E+00, -1.6256000E+00
* ELEM  667  line segment
 1, 510, 507
*
  9.0170000E-01, 5.7556400E+00, -9.0170000E-01, 0.0000000E+00
* ELEM  668  line segment
 1, 509, 508
*
  1.1557000E+00, 7.3812400E+00, 0.0000000E+00, -1.6256000E+00
* ELEM  669  line segment
 1, 511, 508
*
  1.3563600E+00, 7.3812400E+00, -2.0066000E-01, 0.0000000E+00
* ELEM  670  line segment
 1, 512, 509
*
  1.1557000E+00, 7.3812400E+00, -2.5400000E-01, 0.0000000E+00
* ELEM  671  line segment
 1, 510, 509
*
  9.0170000E-01, 7.3812400E+00, 0.0000000E+00, -1.6256000E+00
* ELEM  672  line segment
 1, 0, 510
*
  0.0000000E+00, 7.3812400E+00, 0.0000000E+00, -1.6256000E+00
* ELEM  673  line segment
 1, 513, 510
*
  9.0170000E-01, 7.3812400E+00, -9.0170000E-01, 0.0000000E+00
* ELEM  674  line segment
 1, 512, 511
*
  1.1557000E+00, 9.0068400E+00, 0.0000000E+00, -1.6256000E+00
* ELEM  675  line segment
 1, 514, 511
*
  1.3563600E+00, 9.0068400E+00, -2.0066000E-01, 0.0000000E+00
* ELEM  676  line segment
 1, 515, 512
*
  1.1557000E+00, 9.0068400E+00, -2.5400000E-01, 0.0000000E+00
* ELEM  677  line segment
 1, 513, 512
*
  9.0170000E-01, 9.0068400E+00, 0.0000000E+00, -1.6256000E+00
* ELEM  678  line segment
 1, 0, 513
*
  0.0000000E+00, 9.0068400E+00, 0.0000000E+00, -1.6256000E+00
* ELEM  679  line segment
 1, 516, 513
*
  9.0170000E-01, 9.0068400E+00, -9.0170000E-01, 0.0000000E+00
* ELEM  680  line segment
 1, 515, 514
*
  1.1557000E+00, 1.0632440E+01, 0.0000000E+00, -1.6256000E+00
* ELEM  681  line segment
 1, 517, 514
*
  1.3563600E+00, 1.0632440E+01, -2.0066000E-01, 0.0000000E+00
* ELEM  682  line segment
 1, 518, 515
*
  1.1557000E+00, 1.0632440E+01, -2.5400000E-01, 0.0000000E+00
* ELEM  683  line segment
 1, 516, 515
*
  9.0170000E-01, 1.0632440E+01, 0.0000000E+00, -1.6256000E+00
* ELEM  684  line segment
 1, 0, 516
*
  0.0000000E+00, 1.0632440E+01, 0.0000000E+00, -1.6256000E+00
* ELEM  685  line segment
 1, 519, 516
*
  9.0170000E-01, 1.0632440E+01, -9.0170000E-01, 0.0000000E+00
* ELEM  686  line segment
 1, 518, 517
*
  1.1557000E+00, 1.2258040E+01, 0.0000000E+00, -1.6256000E+00
* ELEM  687  line segment
 1, 520, 517
*
  1.3563600E+00, 1.2258040E+01, -2.0066000E-01, 0.0000000E+00
* ELEM  688  line segment
 1, 521, 518
*
  1.1557000E+00, 1.2258040E+01, -2.5400000E-01, 0.0000000E+00
* ELEM  689  line segment
 1, 519, 518
*
  9.0170000E-01, 1.2258040E+01, 0.0000000E+00, -1.6256000E+00
* ELEM  690  line segment
 1, 0, 519
*
  0.0000000E+00, 1.2258040E+01, 0.0000000E+00, -1.6256000E+00
* ELEM  691  line segment
 1, 522, 519
*
  9.0170000E-01, 1.2258040E+01, -9.0170000E-01, 0.0000000E+00
* ELEM  692  line segment
 1, 521, 520
*
  1.1557000E+00, 1.3119100E+01, 0.0000000E+00, -8.6106000E-01
* ELEM  693  circular arc
 3, 520, 521
*
  2.1209000E+00, 1.3119100E+01, 9.6520000E-01, 1.4238269E+02, 3.7617311E+01
* ELEM  694  circular arc
 3, 521, 522
*
  2.1209000E+00, 1.3119100E+01, 1.2192000E+00, 1.4116474E+02, 3.8835262E+01
* ELEM  695  line segment
 1, 551, 521
*
  1.3563600E+00, 1.3883640E+01, -1.8515849E-01, 0.0000000E+00
* ELEM  696  line segment
 1, 557, 521
*
  1.3563600E+00, 1.3708243E+01, 0.0000000E+00, 1.7539687E-01
* ELEM  697  line segment
 1, 522, 521
*
  9.0170000E-01, 1.3119100E+01, 0.0000000E+00, -8.6106000E-01
* ELEM  698  line segment
 1, 0, 522
*
  0.0000000E+00, 1.3883640E+01, 0.0000000E+00, -1.6256000E+00
* ELEM  699  line segment
 1, 552, 522
*
  1.1712015E+00, 1.3883640E+01, -1.1712015E+00, 0.0000000E+00
* ELEM  700  line segment
 1, 526, 523
*
  1.4561820E+01, 2.5044400E+00, -2.0066000E-01, 0.0000000E+00
* ELEM  701  line segment
 1, 524, 523
*
  1.4561820E+01, 1.6433800E+00, 0.0000000E+00, 8.6106000E-01
* ELEM  702  circular arc
 3, 523, 524
*
  1.3596620E+01, 1.6433800E+00, 9.6520000E-01, 3.2238269E+02, 3.7617311E+01
* ELEM  703  line segment
 1, 527, 524
*
  1.4815820E+01, 2.5044400E+00, -2.5400000E-01, 0.0000000E+00
* ELEM  704  line segment
 1, 525, 524
*
  1.4815820E+01, 1.6433800E+00, 0.0000000E+00, 8.6106000E-01
* ELEM  705  circular arc
 3, 524, 525
*
  1.3596620E+01, 1.6433800E+00, 1.2192000E+00, 3.2116474E+02, 3.8835262E+01
* ELEM  706  line segment
 1, 549, 524
*
  1.4361160E+01, 8.7884000E-01, 1.8515849E-01, 0.0000000E+00
* ELEM  707  line segment
 1, 556, 524
*
  1.4361160E+01, 1.0542369E+00, 0.0000000E+00, -1.7539687E-01
* ELEM  708  line segment
 1, 528, 525
*
  1.5240000E+01, 2.5044400E+00, -4.2418000E-01, 0.0000000E+00
* ELEM  709  line segment
 1, 0, 525
*
  1.5240000E+01, 8.7884000E-01, 0.0000000E+00, 1.6256000E+00
* ELEM  710  line segment
 1, 550, 525
*
  1.4546318E+01, 8.7884000E-01, 6.9368151E-01, 0.0000000E+00
* ELEM  711  line segment
 1, 529, 526
*
  1.4561820E+01, 4.1300400E+00, -2.0066000E-01, 0.0000000E+00
* ELEM  712  line segment
 1, 527, 526
*
  1.4561820E+01, 2.5044400E+00, 0.0000000E+00, 1.6256000E+00
* ELEM  713  line segment
 1, 530, 527
*
  1.4815820E+01, 4.1300400E+00, -2.5400000E-01, 0.0000000E+00
* ELEM  714  line segment
 1, 528, 527
*
  1.4815820E+01, 2.5044400E+00, 0.0000000E+00, 1.6256000E+00
* ELEM  715  line segment
 1, 531, 528
*
  1.5240000E+01, 4.1300400E+00, -4.2418000E-01, 0.0000000E+00
* ELEM  716  line segment
 1, 0, 528
*
  1.5240000E+01, 2.5044400E+00, 0.0000000E+00, 1.6256000E+00
* ELEM  717  line segment
 1, 532, 529
*
  1.4561820E+01, 5.7556400E+00, -2.0066000E-01, 0.0000000E+00
* ELEM  718  line segment
 1, 530, 529
*
  1.4561820E+01, 4.1300400E+00, 0.0000000E+00, 1.6256000E+00
* ELEM  719  line segment
 1, 533, 530
*
  1.4815820E+01, 5.7556400E+00, -2.5400000E-01, 0.0000000E+00
* ELEM  720  line segment
 1, 531, 530
*
  1.4815820E+01, 4.1300400E+00, 0.0000000E+00, 1.6256000E+00
* ELEM  721  line segment
 1, 534, 531
*
  1.5240000E+01, 5.7556400E+00, -4.2418000E-01, 0.0000000E+00
* ELEM  722  line segment
 1, 0, 531
*
  1.5240000E+01, 4.1300400E+00, 0.0000000E+00, 1.6256000E+00
* ELEM  723  line segment
 1, 535, 532
*
  1.4561820E+01, 7.3812400E+00, -2.0066000E-01, 0.0000000E+00
* ELEM  724  line segment
 1, 533, 532
*
  1.4561820E+01, 5.7556400E+00, 0.0000000E+00, 1.6256000E+00
* ELEM  725  line segment
 1, 536, 533
*
  1.4815820E+01, 7.3812400E+00, -2.5400000E-01, 0.0000000E+00
* ELEM  726  line segment
 1, 534, 533
*
  1.4815820E+01, 5.7556400E+00, 0.0000000E+00, 1.6256000E+00
* ELEM  727  line segment
 1, 537, 534
*
  1.5240000E+01, 7.3812400E+00, -4.2418000E-01, 0.0000000E+00
* ELEM  728  line segment
 1, 0, 534
*
  1.5240000E+01, 5.7556400E+00, 0.0000000E+00, 1.6256000E+00
* ELEM  729  line segment
 1, 538, 535
*
  1.4561820E+01, 9.0068400E+00, -2.0066000E-01, 0.0000000E+00
* ELEM  730  line segment
 1, 536, 535
*
  1.4561820E+01, 7.3812400E+00, 0.0000000E+00, 1.6256000E+00
* ELEM  731  line segment
 1, 539, 536
*
  1.4815820E+01, 9.0068400E+00, -2.5400000E-01, 0.0000000E+00
* ELEM  732  line segment
 1, 537, 536
*
  1.4815820E+01, 7.3812400E+00, 0.0000000E+00, 1.6256000E+00
* ELEM  733  line segment
 1, 540, 537
*
  1.5240000E+01, 9.0068400E+00, -4.2418000E-01, 0.0000000E+00
* ELEM  734  line segment
 1, 0, 537
*
  1.5240000E+01, 7.3812400E+00, 0.0000000E+00, 1.6256000E+00
* ELEM  735  line segment
 1, 541, 538
*
  1.4561820E+01, 1.0632440E+01, -2.0066000E-01, 0.0000000E+00
* ELEM  736  line segment
 1, 539, 538
*
  1.4561820E+01, 9.0068400E+00, 0.0000000E+00, 1.6256000E+00
* ELEM  737  line segment
 1, 542, 539
*
  1.4815820E+01, 1.0632440E+01, -2.5400000E-01, 0.0000000E+00
* ELEM  738  line segment
 1, 540, 539
*
  1.4815820E+01, 9.0068400E+00, 0.0000000E+00, 1.6256000E+00
* ELEM  739  line segment
 1, 543, 540
*
  1.5240000E+01, 1.0632440E+01, -4.2418000E-01, 0.0000000E+00
* ELEM  740  line segment
 1, 0, 540
*
  1.5240000E+01, 9.0068400E+00, 0.0000000E+00, 1.6256000E+00
* ELEM  741  line segment
 1, 544, 541
*
  1.4561820E+01, 1.2258040E+01, -2.0066000E-01, 0.0000000E+00
* ELEM  742  line segment
 1, 542, 541
*
  1.4561820E+01, 1.0632440E+01, 0.0000000E+00, 1.6256000E+00
* ELEM  743  line segment
 1, 545, 542
*
  1.4815820E+01, 1.2258040E+01, -2.5400000E-01, 0.0000000E+00
* ELEM  744  line segment
 1, 543, 542
*
  1.4815820E+01, 1.0632440E+01, 0.0000000E+00, 1.6256000E+00
* ELEM  745  line segment
 1, 546, 543
*
  1.5240000E+01, 1.2258040E+01, -4.2418000E-01, 0.0000000E+00
* ELEM  746  line segment
 1, 0, 543
*
  1.5240000E+01, 1.0632440E+01, 0.0000000E+00, 1.6256000E+00
* ELEM  747  circular arc
 3, 544, 545
*
  1.3596620E+01, 1.3119100E+01, 9.6520000E-01, 0.0000000E+00, 3.7617311E+01
* ELEM  748  line segment
 1, 545, 544
*
  1.4561820E+01, 1.2258040E+01, 0.0000000E+00, 8.6106000E-01
* ELEM  749  line segment
 1, 553, 545
*
  1.4546318E+01, 1.3883640E+01, -1.8515849E-01, 0.0000000E+00
* ELEM  750  circular arc
 3, 545, 546
*
  1.3596620E+01, 1.3119100E+01, 1.2192000E+00, 0.0000000E+00, 3.8835262E+01
* ELEM  751  line segment
 1, 546, 545
*
  1.4815820E+01, 1.2258040E+01, 0.0000000E+00, 8.6106000E-01
* ELEM  752  line segment
 1, 558, 545
*
  1.4361160E+01, 1.3883640E+01, 0.0000000E+00, -1.7539687E-01
* ELEM  753  line segment
 1, 554, 546
*
  1.5240000E+01, 1.3883640E+01, -6.9368151E-01, 0.0000000E+00
* ELEM  754  line segment
 1, 0, 546
*
  1.5240000E+01, 1.2258040E+01, 0.0000000E+00, 1.6256000E+00
* ELEM  755  circular arc
 3, 547, 548
*
  2.1209000E+00, 1.6433800E+00, 1.2192000E+00, 2.1883526E+02, 1.2329475E+01
* ELEM  756  line segment
 1, 0, 548
*
  0.0000000E+00, 8.7884000E-01, 0.0000000E+00, -8.7884000E-01
* ELEM  757  line segment
 1, 0, 548
*
  0.0000000E+00, 0.0000000E+00, 1.3563600E+00, 0.0000000E+00
* ELEM  758  circular arc
 3, 549, 550
*
  1.3596620E+01, 1.6433800E+00, 1.2192000E+00, 3.0883526E+02, 1.2329475E+01
* ELEM  759  line segment
 1, 0, 550
*
  1.5240000E+01, 0.0000000E+00, 0.0000000E+00, 8.7884000E-01
* ELEM  760  line segment
 1, 0, 550
*
  1.4361160E+01, 0.0000000E+00, 8.7884000E-01, 0.0000000E+00
* ELEM  761  circular arc
 3, 551, 552
*
  2.1209000E+00, 1.3119100E+01, 1.2192000E+00, 1.2883526E+02, 1.2329475E+01
* ELEM  762  line segment
 1, 0, 552
*
  0.0000000E+00, 1.5240000E+01, 0.0000000E+00, -1.3563600E+00
* ELEM  763  line segment
 1, 0, 552
*
  1.3563600E+00, 1.5240000E+01, -1.3563600E+00, 0.0000000E+00
* ELEM  764  circular arc
 3, 553, 554
*
  1.3596620E+01, 1.3119100E+01, 1.2192000E+00, 3.8835262E+01, 1.2329475E+01
* ELEM  765  line segment
 1, 0, 554
*
  1.5240000E+01, 1.5240000E+01, -8.7884000E-01, 0.0000000E+00
* ELEM  766  line segment
 1, 0, 554
*
  1.5240000E+01, 1.3883640E+01, 0.0000000E+00, 1.3563600E+00
* boundaries conditions: defaul nbbcda allsur
  0, 0, 0
* albedo
  1.0
#  1 - COOLANT
#  2 - CLAD
#  3 - GAP
#  4 - UOX301_zone_4_pin_4
#  5 - UOX301_zone_3_pin_4
#  6 - UOX301_zone_2_pin_4
#  7 - UOX301_zone_1_pin_4
#  8 - UOX301_zone_4_pin_5
#  9 - UOX301_zone_3_pin_5
# 10 - UOX301_zone_2_pin_5
# 11 - UOX301_zone_1_pin_5
# 12 - UOX301_zone_4_pin_6
# 13 - UOX301_zone_3_pin_6
# 14 - UOX301_zone_2_pin_6
# 15 - UOX301_zone_1_pin_6
# 16 - UOX301_zone_4_pin_7
# 17 - UOX301_zone_3_pin_7
# 18 - UOX301_zone_2_pin_7
# 19 - UOX301_zone_1_pin_7
# 20 - UOX222_zone_4_pin_8
# 21 - UOX222_zone_3_pin_8
# 22 - UOX222_zone_2_pin_8
# 23 - UOX222_zone_1_pin_8
# 24 - UOX222_zone_4_pin_9
# 25 - UOX222_zone_3_pin_9
# 26 - UOX222_zone_2_pin_9
# 27 - UOX222_zone_1_pin_9
# 28 - UOX301_zone_4_pin_10
# 29 - UOX301_zone_3_pin_10
# 30 - UOX301_zone_2_pin_10
# 31 - UOX301_zone_1_pin_10
# 32 - UOX301_zone_4_pin_12
# 33 - UOX301_zone_3_pin_12
# 34 - UOX301_zone_2_pin_12
# 35 - UOX301_zone_1_pin_12
# 36 - UOX301_zone_4_pin_13
# 37 - UOX301_zone_3_pin_13
# 38 - UOX301_zone_2_pin_13
# 39 - UOX301_zone_1_pin_13
# 40 - UOX301_zone_4_pin_14
# 41 - UOX301_zone_3_pin_14
# 42 - UOX301_zone_2_pin_14
# 43 - UOX301_zone_1_pin_14
# 44 - UOX301G2_zone_6_pin_15
# 45 - UOX301G2_zone_5_pin_15
# 46 - UOX301G2_zone_4_pin_15
# 47 - UOX301G2_zone_3_pin_15
# 48 - UOX301G2_zone_2_pin_15
# 49 - UOX301G2_zone_1_pin_15
# 50 - UOX222_zone_4_pin_16
# 51 - UOX222_zone_3_pin_16
# 52 - UOX222_zone_2_pin_16
# 53 - UOX222_zone_1_pin_16
# 54 - UOX301_zone_4_pin_17
# 55 - UOX301_zone_3_pin_17
# 56 - UOX301_zone_2_pin_17
# 57 - UOX301_zone_1_pin_17
# 58 - UOX301_zone_4_pin_18
# 59 - UOX301_zone_3_pin_18
# 60 - UOX301_zone_2_pin_18
# 61 - UOX301_zone_1_pin_18
# 62 - UOX301_zone_4_pin_19
# 63 - UOX301_zone_3_pin_19
# 64 - UOX301_zone_2_pin_19
# 65 - UOX301_zone_1_pin_19
# 66 - UOX301_zone_4_pin_20
# 67 - UOX301_zone_3_pin_20
# 68 - UOX301_zone_2_pin_20
# 69 - UOX301_zone_1_pin_20
# 70 - UOX301_zone_4_pin_21
# 71 - UOX301_zone_3_pin_21
# 72 - UOX301_zone_2_pin_21
# 73 - UOX301_zone_1_pin_21
# 74 - UOX222_zone_4_pin_22
# 75 - UOX222_zone_3_pin_22
# 76 - UOX222_zone_2_pin_22
# 77 - UOX222_zone_1_pin_22
# 78 - UOX301_zone_4_pin_23
# 79 - UOX301_zone_3_pin_23
# 80 - UOX301_zone_2_pin_23
# 81 - UOX301_zone_1_pin_23
# 82 - UOX301_zone_4_pin_24
# 83 - UOX301_zone_3_pin_24
# 84 - UOX301_zone_2_pin_24
# 85 - UOX301_zone_1_pin_24
# 86 - UOX301_zone_4_pin_25
# 87 - UOX301_zone_3_pin_25
# 88 - UOX301_zone_2_pin_25
# 89 - UOX301_zone_1_pin_25
# 90 - UOX222_zone_4_pin_26
# 91 - UOX222_zone_3_pin_26
# 92 - UOX222_zone_2_pin_26
# 93 - UOX222_zone_1_pin_26
# 94 - UOX301G2_zone_6_pin_27
# 95 - UOX301G2_zone_5_pin_27
# 96 - UOX301G2_zone_4_pin_27
# 97 - UOX301G2_zone_3_pin_27
# 98 - UOX301G2_zone_2_pin_27
# 99 - UOX301G2_zone_1_pin_27
# 100 - UOX301_zone_4_pin_28
# 101 - UOX301_zone_3_pin_28
# 102 - UOX301_zone_2_pin_28
# 103 - UOX301_zone_1_pin_28
# 104 - UOX301_zone_4_pin_29
# 105 - UOX301_zone_3_pin_29
# 106 - UOX301_zone_2_pin_29
# 107 - UOX301_zone_1_pin_29
# 108 - UOX222_zone_4_pin_30
# 109 - UOX222_zone_3_pin_30
# 110 - UOX222_zone_2_pin_30
# 111 - UOX222_zone_1_pin_30
# 112 - UOX301_zone_4_pin_31
# 113 - UOX301_zone_3_pin_31
# 114 - UOX301_zone_2_pin_31
# 115 - UOX301_zone_1_pin_31
# 116 - UOX301_zone_4_pin_32
# 117 - UOX301_zone_3_pin_32
# 118 - UOX301_zone_2_pin_32
# 119 - UOX301_zone_1_pin_32
# 120 - UOX301G2_zone_6_pin_11
# 121 - UOX301G2_zone_5_pin_11
# 122 - UOX301G2_zone_4_pin_11
# 123 - UOX301G2_zone_3_pin_11
# 124 - UOX301G2_zone_2_pin_11
# 125 - UOX301G2_zone_1_pin_11
# 126 - UOX301_zone_4_pin_3
# 127 - UOX301_zone_3_pin_3
# 128 - UOX301_zone_2_pin_3
# 129 - UOX301_zone_1_pin_3
# 130 - UOX187_zone_4_pin_33
# 131 - UOX187_zone_3_pin_33
# 132 - UOX187_zone_2_pin_33
# 133 - UOX187_zone_1_pin_33
# 134 - UOX222_zone_4_pin_34
# 135 - UOX222_zone_3_pin_34
# 136 - UOX222_zone_2_pin_34
# 137 - UOX222_zone_1_pin_34
# 138 - UOX222_zone_4_pin_2
# 139 - UOX222_zone_3_pin_2
# 140 - UOX222_zone_2_pin_2
# 141 - UOX222_zone_1_pin_2
# 142 - UOX187_zone_4_pin_1
# 143 - UOX187_zone_3_pin_1
# 144 - UOX187_zone_2_pin_1
# 145 - UOX187_zone_1_pin_1
# 146 - UOX145_zone_4_pin_35
# 147 - UOX145_zone_3_pin_35
# 148 - UOX145_zone_2_pin_35
# 149 - UOX145_zone_1_pin_35
# 150 - MODERATOR
# 151 - CHANNEL_BOX
* medium number per region
  1
  2
  3
  4
  5
  6
  7
  1
  2
  3
  8
  9
  10
  11
  1
  2
  3
  12
  13
  14
  15
  1
  2
  3
  16
  17
  18
  19
  1
  2
  3
  20
  21
  22
  23
  1
  2
  3
  24
  25
  26
  27
  1
  2
  3
  28
  29
  30
  31
  1
  2
  3
  32
  33
  34
  35
  1
  2
  3
  36
  37
  38
  39
  1
  2
  3
  40
  41
  42
  43
  1
  2
  3
  44
  45
  46
  47
  48
  49
  1
  2
  3
  16
  17
  18
  19
  1
  2
  3
  50
  51
  52
  53
  1
  2
  3
  54
  55
  56
  57
  1
  2
  3
  58
  59
  60
  61
  1
  2
  3
  62
  63
  64
  65
  1
  2
  3
  66
  67
  68
  69
  1
  2
  3
  70
  71
  72
  73
  1
  2
  3
  40
  41
  42
  43
  1
  2
  3
  12
  13
  14
  15
  1
  2
  3
  74
  75
  76
  77
  1
  2
  3
  78
  79
  80
  81
  1
  2
  3
  82
  83
  84
  85
  1
  2
  3
  86
  87
  88
  89
  1
  2
  3
  66
  67
  68
  69
  1
  2
  3
  36
  37
  38
  39
  1
  2
  3
  8
  9
  10
  11
  1
  2
  3
  90
  91
  92
  93
  1
  2
  3
  94
  95
  96
  97
  98
  99
  1
  2
  3
  100
  101
  102
  103
  1
  2
  3
  104
  105
  106
  107
  1
  2
  3
  62
  63
  64
  65
  1
  2
  3
  32
  33
  34
  35
  1
  2
  3
  4
  5
  6
  7
  1
  2
  3
  108
  109
  110
  111
  1
  2
  3
  112
  113
  114
  115
  1
  2
  3
  116
  117
  118
  119
  1
  2
  3
  100
  101
  102
  103
  1
  2
  3
  82
  83
  84
  85
  1
  2
  3
  58
  59
  60
  61
  1
  2
  3
  120
  121
  122
  123
  124
  125
  1
  2
  3
  126
  127
  128
  129
  1
  2
  3
  130
  131
  132
  133
  1
  2
  3
  134
  135
  136
  137
  1
  2
  3
  112
  113
  114
  115
  1
  2
  3
  94
  95
  96
  97
  98
  99
  1
  2
  3
  78
  79
  80
  81
  1
  2
  3
  54
  55
  56
  57
  1
  2
  3
  28
  29
  30
  31
  1
  2
  3
  138
  139
  140
  141
  1
  2
  3
  130
  131
  132
  133
  1
  2
  3
  108
  109
  110
  111
  1
  2
  3
  90
  91
  92
  93
  1
  2
  3
  74
  75
  76
  77
  1
  2
  3
  50
  51
  52
  53
  1
  2
  3
  24
  25
  26
  27
  1
  2
  3
  142
  143
  144
  145
  1
  2
  3
  142
  143
  144
  145
  1
  2
  3
  138
  139
  140
  141
  1
  2
  3
  126
  127
  128
  129
  1
  2
  3
  120
  121
  122
  123
  124
  125
  1
  2
  3
  146
  147
  148
  149
  1
  2
  150
  1
  2
  150
  1
  151
  150
  1
  151
  150
  1
  151
  150
  1
  151
  150
  1
  151
  150
  1
  151
  150
  1
  151
  150
  1
  151
  150
  1
  151
  150
  1
  151
  150
  1
  151
  150
  1
  151
  150
  1
  151
  150
  1
  151
  150
  1
  151
  150
  1
  151
  150
  1
  151
  150
  1
  151
  150
  1
  151
  150
  1
  151
  150
  1
  151
  150
  1
  151
  150
  1
  151
  150
  1
  151
  150
  1
  151
  150
  1
  151
  150
  1
  151
  150
  1
  151
  150
  1
  151
  150
  1
  151
  150
  1
  151
  150
  1
  151
  150
  151
  150
  151
  150
  151
  150
  151
  150
  151
  151
  151
  151
------------------------------------------------------------
   this is the last line generated by conversion
